20 20 20.2552491925 20.2552491925 0
20 60 20.9456512054 7.52049945937 0
20 100 21.1800503988 2.35768076788 0
20 140 21.4096760815 -0.0327771755881 0
20 180 21.543112978 -1.93179567818 0
20 220 21.4407932349 -2.66747409535 0
20 260 20.9901354732 -3.30698826284 0
20 300 20.2552491925 -3.56825381695 0
20 340 19.5203629119 -3.30698826284 0
20 380 19.0697051501 -2.66747409535 0
20 420 18.9673854071 -1.93179567818 0
20 460 19.1008223035 -2.75292846434 0
20 500 19.3304479862 -4.49667096731 0
20 540 19.5648471797 -9.75138460973 0
20 580 20.2552491925 -23.2671714275 0
60 20 8.03830096902 20.2552491925 0
60 60 9.00703740962 7.47320471201 0
60 100 9.40735035785 2.23166728138 0
60 140 9.86439999337 -0.331883571767 0
60 180 10.2429598109 -2.57210198221 0
60 220 10.2483569048 -3.86759788763 0
60 260 8.66445003173 -5.3955011514 0
60 300 7.03009828478 -5.7271289908 0
60 340 5.72837296834 -4.92149196682 0.03528
60 380 5.83014944425 -3.88804933218 0.00648
60 420 5.83364212713 -2.57210198221 0
60 460 6.21220194468 -3.05203486052 0
60 500 6.66925158019 -4.62268445381 0
60 540 7.06956452842 -9.7986793571 0
60 580 8.03830096902 -23.2671714275 0
100 20 4.02889015819 19.9556462266 0
100 60 4.46859149412 7.50555528546 0
100 100 5.09542429659 2.23729063205 0
100 140 5.92063422987 -0.44069216066 0
100 180 6.3864690665 -3.54984864395 0
100 220 6.25888190327 -5.99150261821 0
100 260 4.2589099886 -8.61049459447 0
100 300 0.532557451638 -9.19606452305 0.196
100 340 -1.847897362 -7.12155489125 0.0648
100 380 -1.98305962267 -4.31056359242 0.0
100 420 -0.878064670686 -2.50392947037 0.0
100 460 0.459369477258 -3.16084344941 0
100 500 1.28457941054 -4.61706110314 0
100 540 1.91141221302 -9.76632878365 0
100 580 2.35111354894 -23.5667743934 0
140 20 2.25758533955 20.0427565643 0
140 60 2.82595663239 7.64830007956 0
140 100 3.69683865023 2.46073618086 0
140 140 4.98758681697 -0.12965957888 0
140 180 6.23516458447 -3.78306698851 0
140 220 7.0248406488 -7.64177160685 0
140 260 4.00978423672 -13.5358699322 0
140 300 -5.74197757308 -14.75364795 0
140 340 -10.1733764159 -7.7388710467 0
140 380 -7.68263618884 -3.38883602138 0
140 420 -4.74202742224 -1.70552901484 0.0
140 460 -2.4556806679 -2.84981086763 0
140 500 -1.16493250117 -4.39361555434 0
140 540 -0.29405048332 -9.62358398955 0
140 580 0.274320809517 -23.4796640557 0
180 20 1.08139151617 20.1780069414 0
180 60 1.73164033349 7.8939976079 0
180 100 2.76968377824 2.91303347574 0
180 140 4.42011187157 0.713439090586 0
180 180 6.75964193062 -2.72096396681 0
180 220 9.9873879558 -6.6879540315 0
180 260 11.2713923481 -16.9821592319 0
180 300 -18.4761197435 -23.6799424113 0
180 340 -20.3485627944 1.17218166067 0
180 380 -11.9596736229 1.20118863683 0
180 420 -7.27673068036 0.381568531645 0.0
180 460 -4.42011187157 -2.00671219817 0
180 500 -2.76968377824 -3.94131825945 0
180 540 -1.73164033349 -9.37788646121 0
180 580 -1.08139151617 -23.3444136787 0
220 20 1.08139151617 20.3324914437 0
220 60 1.73164033349 8.18260433015 0
220 100 2.76968377824 3.46697023139 0
220 140 4.42011187157 1.81846705848 0
220 180 7.27673068036 -0.381568531645 0
220 220 11.9596736229 -1.20118863683 0
220 260 20.3485627944 -1.17218166067 0
220 300 18.4761197435 23.6799424113 0
220 340 -11.2713923481 16.9821592319 0
220 380 -9.9873879558 6.6879540315 0
220 420 -6.75964193062 2.72096396681 0.0
220 460 -4.42011187157 -0.901684230273 0.0
220 500 -2.76968377824 -3.3873815038 0
220 540 -1.73164033349 -9.08927973896 0
220 580 -1.08139151617 -23.1899291764 0
260 20 0.991632265016 20.4677418207 0
260 60 1.56000355785 8.42830185849 0
260 100 2.4308855757 3.91926752628 0
260 140 3.72163374244 2.66156572795 0
260 180 6.00798049677 1.70552901484 0
260 220 8.94858926337 3.38883602138 0
260 260 11.4393294904 7.7388710467 0
260 300 7.00793064761 14.75364795 0
260 340 -2.74383116219 13.5358699322 0
260 380 -5.75888757426 7.64177160685 0
260 420 -4.96921150993 3.78306698851 0
260 460 -3.72163374244 -0.058585560806 0.0
260 500 -2.4308855757 -2.93508420892 0.0
260 540 -1.56000355785 -8.84358221062 0
260 580 -0.991632265016 -23.0546787993 0
300 20 0.838888304629 20.5548521585 0
300 60 1.27858964055 8.57104665258 0
300 100 1.90542244303 4.14271307508 0
300 140 2.73063237631 2.97259830972 0
300 180 4.06806652425 2.50392947037 0
300 220 5.17171181174 4.30923720859 0
300 260 5.05370374634 7.80134973308 0
300 300 2.65808474092 10.0551755396 0
300 340 -0.958376672624 9.43948056256 0
300 380 -3.06888004971 5.99150261821 0
300 420 -3.19646721293 3.54984864395 0
300 460 -2.73063237631 0.252447020973 0.0
300 500 -1.90542244303 -2.71163866011 0.0
300 540 -1.27858964055 -8.70083741652 0
300 580 -0.838888304629 -22.9675684616 0
340 20 0.0 20.2552491925 0
340 60 0.968736440601 8.60339722604 0
340 100 1.36904938883 4.14833642575 0
340 140 1.40121941478 3.55421908637 0
340 180 1.77967358546 3.49290337116 0
340 220 1.85673288961 5.0158977877 0
340 260 2.11568166423 6.23226416896 0
340 300 1.00820268424 7.11226776806 0
340 340 -0.423013285105 6.71588370585 0
340 380 -1.85673288961 5.0158977877 0
340 420 -1.77967358546 3.49290337116 0.0
340 460 -1.40121941478 0.834067797617 0.0
340 500 -1.36904938883 -2.70601530945 0
340 540 -0.968736440601 -8.66848684307 0
340 580 0.0 -23.2671714275 0
380 20 0.0 20.2552491925 0
380 60 0.690402012864 8.55610247867 0
380 100 0.325595274439 4.68144946432 0
380 140 0.447780796641 3.53632170164 0
380 180 0.546576605024 3.29082217562 0
380 220 0.542452318799 4.43597633519 0
380 260 0.353801792027 5.40295295017 0
380 300 8.2359332706e-17 5.79143323593 0
380 340 -0.353801792027 5.40295295017 0.0
380 380 -0.542452318799 4.43597633519 0.0
380 420 -0.546576605024 3.29082217562 0.0
380 460 -0.447780796641 0.816170412891 0
380 500 -0.325595274439 -2.17290227088 0
380 540 -0.690402012864 -8.71578159044 0
380 580 0.0 -23.2671714275 0
420 20 0.0 20.2552491925 0
420 60 -0.690402012864 8.55610247867 0
420 100 -0.325595274439 4.68144946432 0
420 140 -0.447780796641 3.53632170164 0
420 180 -0.546576605024 3.29082217562 0
420 220 -0.542452318799 4.43597633519 0
420 260 -0.353801792027 5.40295295017 0.0
420 300 -8.2359332706e-17 5.79143323593 0.0
420 340 0.353801792027 5.40295295017 0
420 380 0.542452318799 4.43597633519 0
420 420 0.546576605024 3.29082217562 0
420 460 0.447780796641 0.816170412891 0
420 500 0.325595274439 -2.17290227088 0
420 540 0.690402012864 -8.71578159044 0
420 580 0.0 -23.2671714275 0
460 20 0.0 20.2552491925 0
460 60 -0.968736440601 8.60339722604 0
460 100 -1.36904938883 4.14833642575 0
460 140 -1.40121941478 3.55421908637 0
460 180 -1.77967358546 3.49290337116 0.0
460 220 -1.85673288961 5.0158977877 0.0
460 260 -2.11568166423 6.23226416896 0
460 300 -1.00820268424 7.11226776806 0
460 340 0.423013285105 6.71588370585 0
460 380 1.85673288961 5.0158977877 0
460 420 1.77967358546 3.49290337116 0
460 460 1.40121941478 0.834067797617 0
460 500 1.36904938883 -2.70601530945 0
460 540 0.968736440601 -8.66848684307 0
460 580 0.0 -23.2671714275 0
500 20 -0.838888304629 20.5548521585 0
500 60 -1.27858964055 8.57104665258 0
500 100 -1.90542244303 4.14271307508 0
500 140 -2.73063237631 2.97259830972 0.0
500 180 -4.06806652425 2.50392947037 0.0
500 220 -5.17171181174 4.30923720859 0
500 260 -5.05370374634 7.80134973308 0
500 300 -2.65808474092 10.0551755396 0
500 340 0.958376672624 9.43948056256 0
500 380 3.06888004971 5.99150261821 0
500 420 3.19646721293 3.54984864395 0
500 460 2.73063237631 0.252447020973 0
500 500 1.90542244303 -2.71163866011 0
500 540 1.27858964055 -8.70083741652 0
500 580 0.838888304629 -22.9675684616 0
540 20 -0.991632265016 20.4677418207 0
540 60 -1.56000355785 8.42830185849 0
540 100 -2.4308855757 3.91926752628 0
540 140 -3.72163374244 2.66156572795 0.0
540 180 -6.00798049677 1.70552901484 0.0
540 220 -8.94858926337 3.38883602138 0
540 260 -11.4393294904 7.7388710467 0
540 300 -7.00793064761 14.75364795 0
540 340 2.74383116219 13.5358699322 0
540 380 5.75888757426 7.64177160685 0
540 420 4.96921150993 3.78306698851 0
540 460 3.72163374244 -0.058585560806 0
540 500 2.4308855757 -2.93508420892 0
540 540 1.56000355785 -8.84358221062 0
540 580 0.991632265016 -23.0546787993 0
580 20 -1.08139151617 20.3324914437 0
580 60 -1.73164033349 8.18260433015 0
580 100 -2.76968377824 3.46697023139 0
580 140 -4.42011187157 1.81846705848 0.0
580 180 -7.27673068036 -0.381568531645 0.0
580 220 -11.9596736229 -1.20118863683 0
580 260 -20.3485627944 -1.17218166067 0
580 300 -18.4761197435 23.6799424113 0
580 340 11.2713923481 16.9821592319 0
580 380 9.9873879558 6.6879540315 0
580 420 6.75964193062 2.72096396681 0
580 460 4.42011187157 -0.901684230273 0
580 500 2.76968377824 -3.3873815038 0
580 540 1.73164033349 -9.08927973896 0
580 580 1.08139151617 -23.1899291764 0
620 20 -1.08139151617 20.1780069414 0
620 60 -1.73164033349 7.8939976079 0
620 100 -2.76968377824 2.91303347574 0
620 140 -4.42011187157 0.713439090586 0
620 180 -6.75964193062 -2.72096396681 0.0
620 220 -9.9873879558 -6.6879540315 0.0
620 260 -11.2713923481 -16.9821592319 0
620 300 18.4761197435 -23.6799424113 0
620 340 20.3485627944 1.17218166067 0
620 380 11.9596736229 1.20118863683 0
620 420 7.27673068036 0.381568531645 0
620 460 4.42011187157 -2.00671219817 0
620 500 2.76968377824 -3.94131825945 0
620 540 1.73164033349 -9.37788646121 0
620 580 1.08139151617 -23.3444136787 0
660 20 -2.44583047924 20.0427565643 0
660 60 -3.01420177207 7.64830007956 0
660 100 -3.88508378992 2.46073618086 0
660 140 -5.17583195665 -0.12965957888 0
660 180 -6.42340972415 -3.78306698851 0
660 220 -7.21308578848 -7.64177160685 0.0
660 260 -4.19802937641 -13.5358699322 0.0
660 300 5.55373243339 -14.75364795 0
660 340 9.98513127618 -7.7388710467 0
660 380 7.49439104915 -3.38883602138 0
660 420 4.55378228255 -1.70552901484 0
660 460 2.26743552822 -2.84981086763 0
660 500 0.976687361483 -4.39361555434 0
660 540 0.105805343634 -9.62358398955 0
660 580 -0.462565949203 -23.4796640557 0
700 20 -4.50323818626 19.9556462266 0
700 60 -4.94293952218 7.50555528546 0
700 100 -5.56977232466 2.23729063205 0
700 140 -6.39498225794 -0.44069216066 0
700 180 -6.86081709456 -3.54984864395 0
700 220 -6.73322993134 -5.99150261821 0
700 260 -4.73325801666 -8.61049459447 0.0
700 300 -1.00626514071 -9.19217302352 0.0
700 340 1.49988532712 -6.97236376499 0
700 380 1.50736193011 -4.30923720859 0
700 420 0.403716642623 -2.50392947037 0
700 460 -0.933717505321 -3.16084344941 0
700 500 -1.7589274386 -4.61706110314 0
700 540 -2.38576024108 -9.76632878365 0
700 580 -2.825461577 -23.5667743934 0
740 20 -9.23358310009 20.2552491925 0
740 60 -10.2023195407 7.47320471201 0
740 100 -10.6026324889 2.23166728138 0
740 140 -11.0596821244 -0.331883571767 0
740 180 -11.438241942 -2.57210198221 0
740 220 -11.4436390359 -3.86759788763 0
740 260 -9.8597321628 -5.3955011514 0
740 300 -8.22538041584 -5.7271289908 0
740 340 -6.91476565825 -4.91188161451 0
740 380 -7.0235271643 -3.86759788763 0
740 420 -7.02892425819 -2.57210198221 0
740 460 -7.40748407574 -3.05203486052 0
740 500 -7.86453371125 -4.62268445381 0
740 540 -8.26484665949 -9.7986793571 0
740 580 -9.23358310009 -23.2671714275 0
780 20 -23.2671714275 20.2552491925 0
780 60 -23.9575734404 7.52049945937 0
780 100 -24.1919726338 2.35768076788 0
780 140 -24.4215983165 -0.0327771755881 0
780 180 -24.555035213 -1.93179567818 0
780 220 -24.4527154699 -2.66747409535 0
780 260 -24.0020577081 -3.30698826284 0
780 300 -23.2671714275 -3.56825381695 0
780 340 -22.5322851469 -3.30698826284 0
780 380 -22.0816273851 -2.66747409535 0
780 420 -21.9793076421 -1.93179567818 0
780 460 -22.1127445385 -2.75292846434 0
780 500 -22.3423702212 -4.49667096731 0
780 540 -22.5767694146 -9.75138460973 0
780 580 -23.2671714275 -23.2671714275 0
