0.3 0.3 0.545466 0.584843 0
0.9 0.3 0.39674 0.589557 0
1.5 0.3 0.294084 0.594305 0
2.1 0.3 -0.02046 -0.0192199 -1
2.7 0.3 0.173146 0.618666 -0.95
3.3 0.3 0.0974802 0.496478 -0.655
3.9 0.3 0.0638098 0.467493 -0.4895
4.5 0.3 0.0400093 0.455866 -0.39055
5.1 0.3 0.0104727 0.448591 -0.326495
5.7 0.3 -0.0123278 0.257372 -0.289158
6.3 0.3 -0.0135639 0.622606 0
6.9 0.3 -0.0507178 0.622545 0
7.5 0.3 -0.0506641 0.293578 -0.75
8.1 0.3 -0.0177466 -0.00414773 -0.731257
8.7 0.3 -0.0508055 0.158034 -0.33348
9.3 0.3 -0.0294572 0.018456 -0.29015
9.9 0.3 -0.0337727 0.0171629 -0.248066
10.5 0.3 -0.03136 -0.01024 -1.22326
11.1 0.3 -0.0301022 -0.00859787 -0.200933
11.7 0.3 -0.0413875 0.00979019 -0.18084
12.3 0.3 -0.0226978 -0.00448684 -0.162756
12.9 0.3 -0.0195227 -0.00781408 -0.160473
13.5 0.3 -0.0217 -0.01736 -1.29485
14.1 0.3 -0.01488 -0.02046 -2.16536
14.7 0.3 -0.0621712 0.0825892 -0.238814
15.3 0.3 -0.0478368 0.0437607 -0.214933
15.9 0.3 -0.0537078 0.0503918 -0.481258
16.5 0.3 -0.299463 0.491109 0
17.1 0.3 -0.329761 0.488098 0
17.7 0.3 -0.00991999 -0.0341 -1
18.3 0.3 -0.449411 0.485142 0
18.9 0.3 -0.560583 0.484665 0
0.3 0.9 0.55393 0.433975 0
0.9 0.9 0.405667 0.438478 0
1.5 0.9 0.303474 0.443164 0
2.1 0.9 0.143783 0.287339 -2.98023e-008
2.7 0.9 0.178242 0.45321 0
3.3 0.9 0.137387 0.458491 0
3.9 0.9 0.103955 0.46374 0
4.5 0.9 0.0748763 0.468672 0
5.1 0.9 0.0336705 0.472928 0
5.7 0.9 0.0133914 0.476132 0
6.3 0.9 -0.0236931 0.330763 -0.243055
6.9 0.9 -0.0492599 0.479549 0
7.5 0.9 -0.236503 1.22956 -0.405051
8.1 0.9 -0.233636 0.98511 -0.450056
8.7 0.9 -0.128157 0.497327 -0.165136
9.3 0.9 -0.145973 0.467739 -0.00611313
9.9 0.9 -0.0962009 0.220329 -0.0106137
10.5 0.9 -0.108511 0.221265 -0.0725843
11.1 0.9 -0.322414 0.736991 -0.0934154
11.7 0.9 -0.00874933 -0.0212034 -0.0262762
12.3 0.9 -0.547498 1.07855 -0.301936
12.9 0.9 -0.347891 0.556592 -0.14648
13.5 0.9 -1.03084 1.71164 -0.131832
14.1 0.9 0.744563 1.7496 -1.04883
14.7 0.9 -1.13488 1.57271 -0.943946
15.3 0.9 -0.93703 1.28893 -0.19344
15.9 0.9 -0.199909 0.211239 -0.19344
16.5 0.9 -0.328577 0.360751 0
17.1 0.9 -0.336463 0.33192 0
17.7 0.9 -0.382129 0.331121 0
18.3 0.9 -0.453606 0.331293 0
18.9 0.9 -0.563951 0.33207 0
0.3 1.5 0.562603 0.327748 0
0.9 1.5 0.414997 0.331763 0
1.5 1.5 0.313529 0.336137 0
2.1 1.5 0.242039 0.341008 0
2.7 1.5 0.189742 0.346471 0
3.3 1.5 0.149396 0.35251 0
3.9 1.5 0.116134 0.358941 0
4.5 1.5 0.0867478 0.365387 0
5.1 1.5 0.0493385 0.396885 -0.314271
5.7 1.5 0.00679483 0.379167 0
6.3 1.5 -0.0833566 0.862752 -0.328091
6.9 1.5 -0.151317 0.938214 -0.364546
7.5 1.5 -0.0740506 0.381763 0
8.1 1.5 -0.121733 0.467031 -0.0921928
8.7 1.5 -0.140204 0.419303 -0.0361463
9.3 1.5 -0.218803 0.536683 -0.0431749
9.9 1.5 -0.24185 0.502503 -0.070809
10.5 1.5 -0.287084 0.526274 -0.137413
11.1 1.5 -0.336831 0.544566 -0.129781
11.7 1.5 -0.312966 0.439236 -0.132067
12.3 1.5 -0.366252 0.472218 -0.11672
12.9 1.5 -0.78113 1.00782 -0.0888389
13.5 1.5 -0.865569 0.962494 -0.0772411
14.1 1.5 -1.35875 1.46153 -0.118649
14.7 1.5 -1.44952 1.37661 -0.849551
15.3 1.5 -1.45075 1.3515 -0.174096
15.9 1.5 -0.361831 0.278485 -0.300139
16.5 1.5 -0.01728 -0.05824 -1
17.1 1.5 -0.34273 0.220073 0
17.7 1.5 -0.38674 0.220818 0
18.3 1.5 -0.456988 0.222652 0
18.9 1.5 -0.566479 0.225067 0
0.3 2.1 0.57119 0.249839 0
0.9 2.1 0.424435 0.252967 0
1.5 2.1 0.323992 0.256637 0
2.1 2.1 0.253672 0.261148 0
2.7 2.1 0.202593 0.266767 0
3.3 2.1 0.163331 0.27362 0
3.9 2.1 0.135 0.293327 -0.182949
4.5 2.1 0.167984 0.575799 -0.239178
5.1 2.1 0.109737 0.67871 -0.265754
5.7 2.1 -0.000176799 0.668251 -0.295282
6.3 2.1 -0.0116993 0.315199 0
6.9 2.1 -0.0428305 0.327096 -0.0287942
7.5 2.1 -0.10126 0.495491 -0.0512394
8.1 2.1 -0.176187 0.598359 -0.0262421
8.7 2.1 -0.207736 0.513119 -0.0627028
9.3 2.1 -0.199787 0.378223 -0.0697349
9.9 2.1 -0.232899 0.364587 -0.223192
10.5 2.1 -0.218814 0.284711 -0.0587631
11.1 2.1 -0.257747 0.290457 -0.141778
11.7 2.1 -0.297728 0.295975 -0.133573
12.3 2.1 -0.351553 0.305887 -0.0748731
12.9 2.1 -0.369843 0.291774 -0.153136
13.5 2.1 -0.886781 0.667854 -0.0635482
14.1 2.1 -0.722925 0.477241 -0.106784
14.7 2.1 -1.69879 1.03458 -0.116985
15.3 2.1 -1.73177 0.998345 -0.764596
15.9 2.1 -1.63751 0.912602 -0.461841
16.5 2.1 -0.865898 0.42046 -0.156686
17.1 2.1 -0.365956 0.145371 0
17.7 2.1 -0.390179 0.139097 0
18.3 2.1 -0.459132 0.143152 0
18.9 2.1 -0.567819 0.147675 0
0.3 2.7 0.579252 0.189421 0
0.9 2.7 0.433501 0.191103 0
1.5 2.7 0.334383 0.193478 0
2.1 2.7 0.265731 0.197085 0
2.7 2.7 0.216581 0.202498 0
3.3 2.7 0.179261 0.210137 0
3.9 2.7 0.155225 0.22905 -0.188329
4.5 2.7 0.155086 0.290585 -0.725122
5.1 2.7 0.0598811 0.248573 0
5.7 2.7 0.0541546 0.360877 -0.762853
6.3 2.7 0.0344889 0.555227 -0.0137767
6.9 2.7 -0.0593937 1.20353 -0.00884655
7.5 2.7 -0.341925 1.90678 -0.00568647
8.1 2.7 -0.118613 0.309549 -0.0465099
8.7 2.7 -0.178244 0.341612 -0.072062
9.3 2.7 -0.249428 0.378787 -0.569615
9.9 2.7 -0.20186 0.243725 0
10.5 2.7 -0.2295 0.22922 0
11.1 2.7 -0.25428 0.212071 0
11.7 2.7 -0.275437 0.192331 0
12.3 2.7 -0.368415 0.224257 -0.140254
12.9 2.7 -0.410554 0.217765 -0.0959345
13.5 2.7 -0.354676 0.150397 -0.0389281
14.1 2.7 -0.877082 0.340571 -0.0425995
14.7 2.7 -1.8071 0.623708 -0.135959
15.3 2.7 -1.90961 0.591937 -0.309713
15.9 2.7 -1.90718 0.54551 -0.690297
16.5 2.7 -0.331953 0.066151 -0.00493369
17.1 2.7 -0.537412 0.12357 -8.95864e-290
17.7 2.7 -0.391758 0.0753107 0
18.3 2.7 -0.459474 0.0822996 0
18.9 2.7 -0.567543 0.0894812 0
0.3 3.3 0.58618 0.139373 0
0.9 3.3 0.441462 0.138872 0
1.5 3.3 0.343888 0.139093 0
2.1 3.3 0.277426 0.140914 0
2.7 3.3 0.231111 0.145415 0
3.3 3.3 0.218373 0.166485 -0.341384
3.9 3.3 0.24799 0.226242 -0.511951
4.5 3.3 0.141894 0.181547 0
5.1 3.3 0.15448 0.322488 -1.97264e-008
5.7 3.3 0.219207 0.657118 -0.00764106
6.3 3.3 0.272202 1.57565 -0.00470485
6.9 3.3 -0.0146596 1.78036 -0.00127537
7.5 3.3 -0.206731 1.00944 -0.0147523
8.1 3.3 -0.198701 0.492054 -0.0329361
8.7 3.3 -0.165621 0.271685 -0.0718594
9.3 3.3 -0.182332 0.227059 0
9.9 3.3 -0.216471 0.214544 0
10.5 3.3 -0.248277 0.198966 0
11.1 3.3 -0.277275 0.180015 0
11.7 3.3 -0.302479 0.157354 0
12.3 3.3 -0.36712 0.152894 -0.213254
12.9 3.3 -0.378066 0.11994 -0.151373
13.5 3.3 -0.441688 0.104845 -0.151782
14.1 3.3 -0.386109 0.0585341 -0.129996
14.7 3.3 -0.479817 0.0366049 -0.0376189
15.3 3.3 -1.96041 0.190323 -0.0523775
15.9 3.3 -1.96747 0.160185 -0.812658
16.5 3.3 -0.516473 0.0214468 -0.0310091
17.1 3.3 -0.521274 0.0316328 -1.08547e-289
17.7 3.3 -0.43183 0.0265634 -0.295946
18.3 3.3 -0.457311 0.033411 0
18.9 3.3 -0.565163 0.0438492 0
0.3 3.9 0.591193 0.0951775 0
0.9 3.9 0.447294 0.0915822 0
1.5 3.9 0.351237 0.0884743 0
2.1 3.9 0.287337 0.0871356 0
2.7 3.9 0.244882 0.0894172 0
3.3 3.9 0.240337 0.105057 -0.379316
3.9 3.9 0.284058 0.150957 -0.284417
4.5 3.9 0.23247 0.191529 -0.704719
5.1 3.9 0.733209 0.85028 -0.00419971
5.7 3.9 0.878782 1.49443 -0.000322204
6.3 3.9 0.448325 1.51023 0.0107246
6.9 3.9 0.00517912 0.625723 -0.0253418
7.5 3.9 -0.0866364 0.358611 0.000588985
8.1 3.9 -0.116985 0.244448 -0.424281
8.7 3.9 -0.15235 0.218785 0
9.3 3.9 -0.193159 0.209045 0
9.9 3.9 -0.231751 0.196251 0
10.5 3.9 -0.268294 0.180147 0
11.1 3.9 -0.302492 0.159936 0
11.7 3.9 -0.333202 0.134558 0
12.3 3.9 -0.404015 0.118618 -0.191928
12.9 3.9 -0.374031 0.0665186 0
13.5 3.9 -0.409052 0.0310218 -0.097484
14.1 3.9 -0.438782 -0.00520064 -0.0939767
14.7 3.9 -0.427765 -0.0456041 -0.145999
15.3 3.9 -0.625361 -0.0866661 -0.0417787
15.9 3.9 -1.86441 -0.20164 -0.0758835
16.5 3.9 -0.46998 -0.0600116 -0.102061
17.1 3.9 -0.376702 -0.0389651 -0.061674
17.7 3.9 -0.419519 -0.0230546 -1.06569e-289
18.3 3.9 -0.451837 -0.00747945 0
18.9 3.9 -0.560183 0.00677131 0
0.3 4.5 0.593395 0.05424 0
0.9 4.5 0.449692 0.0465622 0
1.5 4.5 0.354603 0.0386656 0
2.1 4.5 0.293118 0.0321759 0
2.7 4.5 0.287312 0.0301139 -0.421462
3.3 4.5 0.233511 0.0360045 0
3.9 4.5 0.33226 0.066643 -0.316019
4.5 4.5 0.581754 0.214624 -0.571337
5.1 4.5 1.52085 1.04567 0.0134071
5.7 4.5 1.15822 1.33695 0.0161318
6.3 4.5 0.228742 0.569934 -0.00939794
6.9 4.5 0.0177268 0.378231 0.0204305
7.5 4.5 -0.0588714 0.217508 0
8.1 4.5 -0.110714 0.215332 0
8.7 4.5 -0.158929 0.208539 0
9.3 4.5 -0.204058 0.19867 0
9.9 4.5 -0.247003 0.186201 0
10.5 4.5 -0.288532 0.170613 0
11.1 4.5 -0.328806 0.150448 0
11.7 4.5 -0.411744 0.140788 -0.172735
12.3 4.5 -0.399516 0.087353 0
12.9 4.5 -0.421552 0.0410279 0
13.5 4.5 -0.439834 -0.011865 -0.0283382
14.1 4.5 -0.425696 -0.0660339 -0.0520911
14.7 4.5 -0.516942 -0.127213 -0.139296
15.3 4.5 -0.422034 -0.140442 -0.102912
15.9 4.5 -1.91303 -0.560221 -0.0435687
16.5 4.5 -0.346746 -0.112421 -0.0567908
17.1 4.5 -0.376981 -0.0924502 -0.106508
17.7 4.5 -0.374616 -0.0633155 0
18.3 4.5 -0.442277 -0.0422852 0
18.9 4.5 -0.552221 -0.0238797 0
0.3 5.1 0.591927 0.000917273 0
0.9 5.1 0.431912 -0.0103726 0.152095
1.5 5.1 0.338509 -0.0238205 0.168995
2.1 5.1 0.291249 -0.0400216 0
2.7 5.1 0.294205 -0.0618994 -0.468291
3.3 5.1 0.245567 -0.0503367 0
3.9 5.1 0.398684 -0.0689722 -0.351133
4.5 5.1 1.63295 0.0244801 -1.01442
5.1 5.1 1.72924 0.54948 0.0302645
5.7 5.1 1.53131 1.12059 -0.723883
6.3 5.1 0.154938 0.311915 0.0432828
6.9 5.1 0.0124153 0.219729 -0.000816654
7.5 5.1 -0.056021 0.200943 0
8.1 5.1 -0.113761 0.196896 0
8.7 5.1 -0.166101 0.188919 0
9.3 5.1 -0.21462 0.179039 0
9.9 5.1 -0.261115 0.167777 0
10.5 5.1 -0.30719 0.154354 0
11.1 5.1 -0.353845 0.136639 0
11.7 5.1 -0.400751 0.11096 0
12.3 5.1 -0.444869 0.0721884 0
12.9 5.1 -0.478335 0.015354 0
13.5 5.1 -0.487627 -0.0589765 0
14.1 5.1 -0.460235 -0.136602 0
14.7 5.1 -0.43078 -0.196612 -0.109196
15.3 5.1 -0.409809 -0.240537 -0.11862
15.9 5.1 -0.42284 -0.257714 -0.810566
16.5 5.1 -0.377461 -0.211053 -0.048969
17.1 5.1 -0.343126 -0.15205 -0.260213
17.7 5.1 -0.371978 -0.116457 -0.0604175
18.3 5.1 -0.428153 -0.0858849 0
18.9 5.1 -0.541182 -0.0634624 0
0.3 5.7 0.586247 -0.030512 0
0.9 5.7 0.438827 -0.0483179 0
1.5 5.7 0.325976 -0.0654477 0.187772
2.1 5.7 0.277314 -0.0938234 0
2.7 5.7 0.28573 -0.142022 -0.520324
3.3 5.7 0.241533 -0.13109 0
3.9 5.7 0.383905 -0.183389 -0.39796
4.5 5.7 0.436137 -0.0813798 -0.736
5.1 5.7 0.73578 0.1569 0.0382708
5.7 5.7 0.492273 0.338482 0.0517405
6.3 5.7 0.0905798 0.195215 -0.0156468
6.9 5.7 0.0134791 0.211485 0
7.5 5.7 -0.0581099 0.20988 0
8.1 5.7 -0.119841 0.201655 0
8.7 5.7 -0.174277 0.191636 0
9.3 5.7 -0.224288 0.181934 0
9.9 5.7 -0.272587 0.172979 0
10.5 5.7 -0.321651 0.16387 0
11.1 5.7 -0.373593 0.152168 0
11.7 5.7 -0.429651 0.133121 0
12.3 5.7 -0.488529 0.0983436 0
12.9 5.7 -0.541952 0.0350865 0
13.5 5.7 -0.566506 -0.0675501 0
14.1 5.7 -0.526221 -0.192614 0
14.7 5.7 -0.443669 -0.282115 -0.0157405
15.3 5.7 -0.380498 -0.32637 -0.106368
15.9 5.7 -0.331456 -0.305272 -0.0976157
16.5 5.7 -0.30809 -0.247505 -0.0955583
17.1 5.7 -0.3108 -0.186806 -0.0370391
17.7 5.7 -0.332869 -0.135081 0
18.3 5.7 -0.419344 -0.105101 -0.0543757
18.9 5.7 -0.52749 -0.077772 0
0.3 6.3 0.576467 -0.060271 0
0.9 6.3 0.424321 -0.0825718 0
1.5 6.3 0.30399 -0.103627 0.208636
2.1 6.3 0.234148 -0.134754 0.231818
2.7 6.3 0.206107 -0.184665 0
3.3 6.3 0.244596 -0.279352 -0.578138
3.9 6.3 0.248287 -0.232716 -0.892375
4.5 6.3 -0.000136559 0.0221333 -0.815895
5.1 6.3 0.00017421 0.0270374 0.0365034
5.7 6.3 0.0999846 0.109829 -0.0862453
6.3 6.3 0.0979692 0.233086 0
6.9 6.3 0.00511505 0.232536 0
7.5 6.3 -0.0779563 0.25841 -0.49961
8.1 6.3 -0.162853 0.254819 -0.44067
8.7 6.3 -0.213039 0.22054 -0.404684
9.3 6.3 -0.232372 0.183433 0
9.9 6.3 -0.27978 0.177907 0
10.5 6.3 -0.328898 0.175242 0
11.1 6.3 -0.382736 0.173505 0
11.7 6.3 -0.444436 0.168479 0
12.3 6.3 -0.516688 0.150882 0
12.9 6.3 -0.597859 0.0998778 0
13.5 6.3 -0.663064 -0.0260885 0
14.1 6.3 -0.615905 -0.247091 0
14.7 6.3 -0.426049 -0.396364 0
15.3 6.3 -0.287823 -0.404184 -0.0923954
15.9 6.3 -0.226501 -0.333618 -0.103688
16.5 6.3 -0.23345 -0.27057 -0.0960496
17.1 6.3 -0.269448 -0.209395 -0.0402231
17.7 6.3 -0.322634 -0.156755 -0.0376906
18.3 6.3 -0.38836 -0.114346 0
18.9 6.3 -0.52134 -0.0887009 -0.0489382
0.3 6.9 0.563602 -0.0865184 0
0.9 6.9 0.405225 -0.111408 0
1.5 6.9 0.290564 -0.142912 0
2.1 6.9 0.190521 -0.168009 0.257575
2.7 6.9 0.126712 -0.208015 0.286194
3.3 6.9 0.0992588 -0.298299 0
3.9 6.9 0.0939328 -0.300179 0.25
4.5 6.9 0.259763 -0.201672 -0.963192
5.1 6.9 0.00142547 0.0242966 0.0456737
5.7 6.9 0.0218608 0.0519414 0.0623199
6.3 6.9 0.0487912 0.247383 -0.700961
6.9 6.9 -0.0258422 0.311179 -0.616802
7.5 6.9 -0.105897 0.269674 -0.555122
8.1 6.9 -0.146433 0.203616 0
8.7 6.9 -0.194048 0.188988 0
9.3 6.9 -0.238115 0.181124 0
9.9 6.9 -0.281416 0.179844 0
10.5 6.9 -0.32661 0.184839 0
11.1 6.9 -0.376591 0.195509 0
11.7 6.9 -0.434958 0.21035 0
12.3 6.9 -0.506862 0.225074 0
12.9 6.9 -0.60073 0.225832 0
13.5 6.9 -0.728049 0.156568 0
14.1 6.9 -0.765268 -0.238975 0
14.7 6.9 -0.254146 -0.537712 0
15.3 6.9 -0.103493 -0.423167 0
15.9 6.9 -0.103626 -0.324706 -0.0718473
16.5 6.9 -0.15007 -0.261399 -0.0739824
17.1 6.9 -0.209797 -0.201812 -0.149918
17.7 6.9 -0.281223 -0.154668 -0.03852
18.3 6.9 -0.366828 -0.117605 0
18.9 6.9 -0.504442 -0.093085 -0.0440444
0.3 7.5 0.549457 -0.108035 0
0.9 7.5 1.68425 -0.500924 1.47711
1.5 7.5 1.36746 -0.748542 0.999939
2.1 7.5 1.24652 -1.47841 1.29108
2.7 7.5 0.481772 -1.90066 0.934824
3.3 7.5 -0.249179 -1.74345 1.09541
3.9 7.5 -0.341546 -0.622028 0.176953
4.5 7.5 -0.10675 -0.0421145 0.0196296
5.1 7.5 0.00362802 0.0278881 0.0802875
5.7 7.5 -0.00564516 0.0522694 0.0685973
6.3 7.5 -0.0282241 0.303508 2.68392e-005
6.9 7.5 -0.0780111 0.253534 0
7.5 7.5 -0.12391 0.217516 0
8.1 7.5 -0.165612 0.192923 0
8.7 7.5 -0.204129 0.178241 0
9.3 7.5 -0.240821 0.172634 0
9.9 7.5 -0.277136 0.175809 0
10.5 7.5 -0.314531 0.187993 0
11.1 7.5 -0.354413 0.209984 0
11.7 7.5 -0.397994 0.243331 0
12.3 7.5 -0.445748 0.29084 0
12.9 7.5 -0.495206 0.358213 0
13.5 7.5 -0.527338 0.461983 0
14.1 7.5 -0.234032 0.667196 0
14.7 7.5 0.122762 -0.114414 -0.75
15.3 7.5 -0.00433998 0.0093 -1.675
15.9 7.5 0.00653422 -0.251455 0
16.5 7.5 -0.0777156 -0.208583 0
17.1 7.5 -0.158144 -0.170925 0
17.7 7.5 -0.244709 -0.13933 0
18.3 7.5 -0.348575 -0.113291 0
18.9 7.5 -0.484523 -0.0920131 0
0.3 8.1 0.589065 -0.134021 0.5625
0.9 8.1 0.875116 -0.315974 0.447619
1.5 8.1 1.44933 -0.942515 1.85103
2.1 8.1 0.354748 -0.551746 1.59213
2.7 8.1 0.00647047 -0.256524 0.151389
3.3 8.1 -0.0420148 -0.104261 0.215966
3.9 8.1 -0.0310899 -0.0247714 -0.521949
4.5 8.1 -0.0601272 -0.000932367 0.225309
5.1 8.1 -0.255038 0.289033 0.0923758
5.7 8.1 -0.135666 0.286982 0.0993205
6.3 8.1 -0.120897 0.264372 0.0133181
6.9 8.1 -0.134023 0.225908 1.49107e-005
7.5 8.1 -0.157058 0.192941 0
8.1 8.1 -0.18412 0.170847 0
8.7 8.1 -0.212111 0.158868 0
9.3 8.1 -0.240055 0.156465 0
9.9 8.1 -0.267742 0.163606 0
10.5 8.1 -0.295026 0.180875 0
11.1 8.1 -0.321175 0.209611 0
11.7 8.1 -0.343743 0.252128 0
12.3 8.1 -0.355774 0.311916 0
12.9 8.1 -0.337489 0.392432 0
13.5 8.1 -0.230946 0.481604 0
14.1 8.1 0.0626584 0.443214 0
14.7 8.1 0.244075 0.120076 0
15.3 8.1 0.160097 -0.0903428 0
15.9 8.1 0.0522898 -0.145244 0
16.5 8.1 -0.0445577 -0.149513 0
17.1 8.1 -0.134669 -0.137306 0
17.7 8.1 -0.228007 -0.120524 0
18.3 8.1 -0.336562 -0.103571 0
18.9 8.1 -0.475781 -0.0880703 0
0.3 8.7 0.52507 -0.137164 0
0.9 8.7 0.20082 -0.098256 0.894788
1.5 8.7 0.0212944 -0.0381856 1.12316
2.1 8.7 0.0460279 -0.0946408 0.755873
2.7 8.7 -0.00819458 -0.15399 0.202304
3.3 8.7 -0.103804 -0.150075 0.303405
3.9 8.7 -0.10567 -0.0539745 0.428741
4.5 8.7 -0.0543603 0.000937592 0.207595
5.1 8.7 -0.282432 0.15997 0
5.7 8.7 -0.192406 0.183931 0.102461
6.3 8.7 -0.168848 0.184539 0.0988017
6.9 8.7 -0.174229 0.174246 4.78202e-006
7.5 8.7 -0.182127 0.153109 1.69488e-005
8.1 8.7 -0.197721 0.138388 0
8.7 8.7 -0.216264 0.13128 0
9.3 8.7 -0.235799 0.132577 0
9.9 8.7 -0.254882 0.142695 0
10.5 8.7 -0.272063 0.162272 0
11.1 8.7 -0.285007 0.192221 0
11.7 8.7 -0.289177 0.233416 0
12.3 8.7 -0.275493 0.2853 0
12.9 8.7 -0.226854 0.340923 0
13.5 8.7 -0.119969 0.372605 0
14.1 8.7 0.0356102 0.319623 0
14.7 8.7 0.122453 0.169574 0
15.3 8.7 0.101977 0.0157111 0
15.9 8.7 0.0351257 -0.0622443 0
16.5 8.7 -0.0461834 -0.0944755 0
17.1 8.7 -0.131248 -0.102674 0
17.7 8.7 -0.223386 -0.0996072 0
18.3 8.7 -0.332088 -0.0917732 0
18.9 8.7 -0.471867 -0.0823714 0
0.3 9.3 0.377962 -0.115843 -0.25
0.9 9.3 0.137676 -0.0779957 0.850402
1.5 9.3 0.0329367 -0.0472008 0.993762
2.1 9.3 0.0620425 -0.126352 0.145591
2.7 9.3 -0.00668114 -0.128301 0.152332
3.3 9.3 -0.0861 -0.135937 0.20343
3.9 9.3 -0.148972 -0.0850766 0.294323
4.5 9.3 -0.222015 -0.00711025 0.230984
5.1 9.3 -0.250399 0.0663438 0
5.7 9.3 -0.198319 0.0980993 0.134552
6.3 9.3 -0.179595 0.108549 0.122729
6.9 9.3 -0.193338 0.113965 0.00398913
7.5 9.3 -0.194788 0.105206 -4.28217e-006
8.1 9.3 -0.204031 0.0990881 0
8.7 9.3 -0.643362 0.221558 -0.430467
9.3 9.3 -0.228488 0.102369 0
9.9 9.3 -0.240384 0.114319 0
10.5 9.3 -0.249361 0.13386 0
11.1 9.3 -0.252573 0.161118 0
11.7 9.3 -0.245586 0.195255 0
12.3 9.3 -0.221682 0.232821 0
12.9 9.3 -0.172669 0.264429 0
13.5 9.3 -0.0953956 0.271165 0
14.1 9.3 -0.00682572 0.231302 0
14.7 9.3 0.0363089 0.147931 0
15.3 9.3 0.0300736 0.0459309 0
15.9 9.3 -0.00869996 -0.0194582 0
16.5 9.3 -0.069786 -0.057693 0
17.1 9.3 -0.143238 -0.0759005 0
17.7 9.3 -0.229126 -0.0818674 0
18.3 9.3 -0.334524 -0.0810658 0
18.9 9.3 -0.472572 -0.076848 0
0.3 9.9 0.216704 -0.0835224 0.0314735
0.9 9.9 -0.0042939 -0.0193645 0.94278
1.5 9.9 0.0696334 -0.0854889 0.61985
2.1 9.9 0.0921441 -0.180096 0.095605
2.7 9.9 0.0046186 -0.144864 0.304722
3.3 9.9 -0.05882 -0.141734 0.433243
3.9 9.9 -0.123488 -0.123607 0
4.5 9.9 -0.171509 -0.0661924 0.135628
5.1 9.9 -0.200806 -0.0191685 0.22316
5.7 9.9 -0.191765 0.0132107 0.139695
6.3 9.9 -0.171373 0.0287122 0.136286
6.9 9.9 -0.196752 0.0352707 0.00351162
7.5 9.9 -0.197738 0.0358992 0
8.1 9.9 -0.202444 0.0364883 0.0131409
8.7 9.9 -0.210731 0.0398561 0
9.3 9.9 -0.684241 0.0815303 -0.478297
9.9 9.9 -0.225696 0.0602847 0
10.5 9.9 -0.22918 0.0784022 0
11.1 9.9 -0.226808 0.101391 0
11.7 9.9 -0.215337 0.127532 0
12.3 9.9 -0.191073 0.152853 0
12.9 9.9 -0.151494 0.169984 0
13.5 9.9 -0.0990832 0.16864 0
14.1 9.9 -0.0453558 0.140969 0
14.7 9.9 -0.0255205 0.0904526 0
15.3 9.9 -0.0304015 0.0211403 0
15.9 9.9 -0.0554135 -0.0266743 0
16.5 9.9 -0.101478 -0.0603717 0
17.1 9.9 -0.163416 -0.0805714 0
17.7 9.9 -0.241546 -0.0906714 0
18.3 9.9 -0.341977 -0.0941195 0
18.9 9.9 -0.476904 -0.0935484 0
0.3 10.5 0.167734 -0.0759727 -0.204975
0.9 10.5 0.00740419 -0.026965 0.687917
1.5 10.5 0.0925415 -0.104495 0.555625
2.1 10.5 0.0597904 -0.128615 0.685232
2.7 10.5 0.0235055 -0.165895 0.178461
3.3 10.5 -0.0345949 -0.158829 0.361555
3.9 10.5 -0.0867005 -0.14489 0.349485
4.5 10.5 -0.12223 -0.0973762 0.346389
5.1 10.5 -0.153775 -0.0652659 0.260234
5.7 10.5 -0.15745 -0.0429969 0.129061
6.3 10.5 -0.173337 -0.0331349 0.0739191
6.9 10.5 -0.18531 -0.0265652 0.0448721
7.5 10.5 -0.191474 -0.020957 0
8.1 10.5 -0.195059 -0.0150459 0.0248602
8.7 10.5 -0.202267 -0.0084627 0
9.3 10.5 -0.690677 -0.062457 -0.531441
9.9 10.5 -0.211691 0.0139232 0
10.5 10.5 -0.212248 0.0301003 0
11.1 10.5 -0.207653 0.0488665 0
11.7 10.5 -0.195923 0.0684024 0
12.3 10.5 -0.175443 0.0854113 0
12.9 10.5 -0.146126 0.0950464 0
13.5 10.5 -0.111058 0.0919977 0
14.1 10.5 -0.0772107 0.0733103 0
14.7 10.5 -0.0782377 0.027679 0
15.3 10.5 -0.0773934 -0.0073847 0
15.9 10.5 -0.0962794 -0.0406274 0
16.5 10.5 -0.132938 -0.0669468 0
17.1 10.5 -0.185935 -0.0850127 0
17.7 10.5 -0.256968 -0.0958029 0
18.3 10.5 -0.352225 -0.101091 0
18.9 10.5 -0.483536 -0.102604 0
0.3 11.1 0.042706 -0.0418631 0.254789
0.9 11.1 0.142356 -0.108668 0.589792
1.5 11.1 0.0725586 -0.0977686 0.494495
2.1 11.1 0.0998988 -0.193824 0.3411
2.7 11.1 0.0202429 -0.151767 0.618422
3.3 11.1 -0.0157012 -0.196205 0.082254
3.9 11.1 -0.0616948 -0.184116 0.261569
4.5 11.1 -0.0941445 -0.139949 0.300206
5.1 11.1 -0.118252 -0.101507 0.201212
5.7 11.1 -0.141635 -0.0973086 0.154492
6.3 11.1 -0.163926 -0.0960216 0.112292
6.9 11.1 -0.172137 -0.0863221 0.0196579
7.5 11.1 -0.180349 -0.078349 0
8.1 11.1 -0.182912 -0.0681003 0.0610686
8.7 11.1 -0.191593 -0.0608145 0
9.3 11.1 -0.19613 -0.0502978 0
9.9 11.1 -0.696955 -0.203734 -0.59049
10.5 11.1 -0.198333 -0.0236074 0
11.1 11.1 -0.1937 -0.00831197 0
11.7 11.1 -0.183806 0.00649121 0
12.3 11.1 -0.168156 0.0184216 0
12.9 11.1 -0.14745 0.0245009 0
13.5 11.1 -0.124174 0.0219854 0
14.1 11.1 -0.102514 0.00973331 0
14.7 11.1 -0.11098 -0.0238258 0
15.3 11.1 -0.113034 -0.0460341 0
15.9 11.1 -0.129403 -0.0684776 0
16.5 11.1 -0.160546 -0.0877174 0
17.1 11.1 -0.207304 -0.102176 0
17.7 11.1 -0.272689 -0.111779 0
18.3 11.1 -0.363372 -0.11726 0
18.9 11.1 -0.491199 -0.119609 0
0.3 11.7 0.123442 -0.0834808 0.217367
0.9 11.7 0.147814 -0.123065 0.565261
1.5 11.7 0.0607525 -0.0974283 0.463816
2.1 11.7 0.0346149 -0.10402 0.441639
2.7 11.7 0.0474586 -0.213509 0.251317
3.3 11.7 -0.00101626 -0.193989 0.38092
3.9 11.7 -0.0351299 -0.169324 0.347303
4.5 11.7 -0.0714032 -0.205721 0.26438
5.1 11.7 -0.100348 -0.14725 0.154887
5.7 11.7 -0.119524 -0.144168 0.163662
6.3 11.7 -0.146058 -0.156231 0.0567071
6.9 11.7 -0.159025 -0.149037 0
7.5 11.7 -0.159047 -0.129973 0.148696
8.1 11.7 -0.169491 -0.124471 0.0760124
8.7 11.7 -0.179858 -0.118703 0
9.3 11.7 -0.184397 -0.107925 0
9.9 11.7 -0.684734 -0.439709 -0.6561
10.5 11.7 -0.186817 -0.083601 0
11.1 11.7 -0.183341 -0.0709112 0
11.7 11.7 -0.176061 -0.0592592 0
12.3 11.7 -0.165004 -0.0502535 0
12.9 11.7 -0.150992 -0.0456813 0
13.5 11.7 -0.135823 -0.0469845 0
14.1 11.7 -0.122055 -0.0546002 0
14.7 11.7 -0.135136 -0.0799018 0
15.3 11.7 -0.139712 -0.0936448 0
15.9 11.7 -0.155235 -0.108326 0
16.5 11.7 -0.183249 -0.121691 0
17.1 11.7 -0.225877 -0.132408 0
17.7 11.7 -0.287094 -0.140043 0
18.3 11.7 -0.374088 -0.144783 0
18.9 11.7 -0.498891 -0.147121 0
0.3 12.3 0.140077 -0.0992501 -0.25198
0.9 12.3 0.345348 -0.297946 0
1.5 12.3 0.133594 -0.192831 0.474442
2.1 12.3 0.0620218 -0.161922 0.373895
2.7 12.3 0.0187408 -0.146445 0.33434
3.3 12.3 0.00962656 -0.204997 0.294699
3.9 12.3 -0.0234676 -0.186776 0.241233
4.5 12.3 -0.0436605 -0.165324 0.191879
5.1 12.3 -0.080053 -0.183822 0.171604
5.7 12.3 -0.109861 -0.217625 0.116889
6.3 12.3 -0.128209 -0.219524 0.0511432
6.9 12.3 -0.143396 -0.216533 0
7.5 12.3 -0.143697 -0.190482 0.154237
8.1 12.3 -0.161196 -0.195925 0
8.7 12.3 -0.167931 -0.185734 0
9.3 12.3 -0.173047 -0.175189 0
9.9 12.3 -0.706604 -0.711956 -0.729
10.5 12.3 -0.177061 -0.153073 0
11.1 12.3 -0.17526 -0.142262 0
11.7 12.3 -0.170686 -0.132634 0
12.3 12.3 -0.163571 -0.125247 0
12.9 12.3 -0.154645 -0.121167 0
13.5 12.3 -0.145164 -0.12117 0
14.1 12.3 -0.141125 -0.139467 0
14.7 12.3 -0.152767 -0.144737 0
15.3 12.3 -0.159411 -0.152764 0
15.9 12.3 -0.174855 -0.1619 0
16.5 12.3 -0.20115 -0.170668 0
17.1 12.3 -0.24113 -0.178053 0
17.7 12.3 -0.299404 -0.183566 0
18.3 12.3 -0.383587 -0.18714 0
18.9 12.3 -0.505934 -0.188974 0
0.3 12.9 0.50603 -0.355119 0
0.9 12.9 0.137464 -0.157763 -0.165625
1.5 12.9 0.247258 -0.384409 -0.127969
2.1 12.9 0.107108 -0.278555 0.48729
2.7 12.9 0.0650682 -0.305506 0.327334
3.3 12.9 0.0156281 -0.251249 0.276512
3.9 12.9 -0.0126231 -0.245932 0.214853
4.5 12.9 -0.0362711 -0.264386 0.240555
5.1 12.9 -0.0692547 -0.270718 0.295431
5.7 12.9 -0.0874085 -0.261729 0.238657
6.3 12.9 -0.104503 -0.269632 0.194683
6.9 12.9 -0.118351 -0.268399 0.189667
7.5 12.9 -0.0366653 -0.0457765 -1.33514e-005
8.1 12.9 -0.148772 -0.27805 0
8.7 12.9 -0.156387 -0.26819 0
9.3 12.9 -0.734054 -1.311 -0.81
9.9 12.9 -0.166443 -0.248057 0
10.5 12.9 -0.168549 -0.238053 0
11.1 12.9 -0.168537 -0.228588 0
11.7 12.9 -0.166448 -0.220253 0
12.3 12.9 -0.162569 -0.213735 0
12.9 12.9 -0.15749 -0.209679 0
13.5 12.9 -0.152086 -0.208511 0
14.1 12.9 -0.150727 -0.223097 0
14.7 12.9 -0.165376 -0.225088 0
15.3 12.9 -0.173684 -0.229185 0
15.9 12.9 -0.189393 -0.234355 0
16.5 12.9 -0.214792 -0.239621 0
17.1 12.9 0.01798 0.02356 -1
17.7 12.9 -0.309374 -0.247783 0
18.3 12.9 -0.391498 -0.250081 0
18.9 12.9 -0.511941 -0.251178 0
0.3 13.5 -0.03038 -0.01178 -1
0.9 13.5 -0.00948763 -0.0343756 -3.0305e-148
1.5 13.5 0.159112 -0.316428 -0.115172
2.1 13.5 0.0946195 -0.308494 -2.44395e-150
2.7 13.5 0.0536553 -0.304977 -1.22197e-150
3.3 13.5 0.00998685 -0.176802 -9.16481e-151
3.9 13.5 -0.00616024 -0.209912 0.0528679
4.5 13.5 -0.025419 -0.311888 -0.125
5.1 13.5 -0.0409821 -0.174462 -0.1875
5.7 13.5 -0.0630823 -0.290002 -0.03125
6.3 13.5 -0.0562535 -0.163856 -0.0234375
6.9 13.5 -0.010537 0.0149477 -0.00781238
7.5 13.5 -0.12711 -0.394408 0
8.1 13.5 -0.137126 -0.385255 0
8.7 13.5 -4.04012e-011 0.03008 -1
9.3 13.5 -0.00930002 0.02418 -1.9
9.9 13.5 -0.157511 -0.357384 0
10.5 13.5 -0.160914 -0.348332 0
11.1 13.5 -0.162587 -0.339851 0
11.7 13.5 -0.162644 -0.332358 0
12.3 13.5 -0.161364 -0.326304 0
12.9 13.5 -0.159206 -0.322086 0
13.5 13.5 -0.159291 -0.333878 0
14.1 13.5 -0.15723 -0.331444 0
14.7 13.5 -0.174095 -0.331181 0
15.3 13.5 -0.183738 -0.332545 0
15.9 13.5 -0.120722 -0.218201 -0.0625
16.5 13.5 -0.0296081 -0.0739258 -0.875
17.1 13.5 -0.26215 -0.339922 0
17.7 13.5 -0.317062 -0.341761 0
18.3 13.5 -0.397721 -0.342844 0
18.9 13.5 -0.516737 -0.343136 0
