0.3 0.3 0.637314 0.484847 0
0.9 0.3 0.500404 0.485583 0
1.5 0.3 0.410881 0.487026 0
2.1 0.3 0.35262 0.489448 0
2.7 0.3 0.314854 0.493109 0
3.3 0.3 0.290311 0.498218 0
3.9 0.3 0.274019 0.504889 0
4.5 0.3 0.262542 0.513109 0
5.1 0.3 0.23892 0.522732 0
5.7 0.3 0.235652 0.533492 0
6.3 0.3 0.230454 0.545056 0
6.9 0.3 0.205713 0.557437 0
7.5 0.3 0.19364 0.568773 0
8.1 0.3 0.179437 0.579619 0
8.7 0.3 0.163288 0.589689 0
9.3 0.3 0.14541 0.59875 0
9.9 0.3 0.126043 0.606607 0
10.5 0.3 0.105453 0.613094 0
11.1 0.3 0.083944 0.618077 0
11.7 0.3 0.0618583 0.621464 0
12.3 0.3 0.0395789 0.623222 0
12.9 0.3 0.00377461 0.622321 0
13.5 0.3 -0.0155323 0.620817 0
14.1 0.3 -0.0341852 0.618212 0
14.7 0.3 -0.0698524 0.614733 0
15.3 0.3 -0.0957122 0.610631 0
15.9 0.3 -0.125148 0.606141 0
16.5 0.3 -0.160621 0.601451 0
17.1 0.3 -0.205915 0.596688 0
17.7 0.3 -0.266762 0.591927 0
18.3 0.3 -0.351819 0.587196 0
18.9 0.3 -0.474155 0.582499 0
0.3 0.9 0.641063 0.331627 0
0.9 0.9 0.505116 0.33111 0
1.5 0.9 0.416845 0.331374 0
2.1 0.9 0.360132 0.332807 0
2.7 0.9 0.324166 0.335799 0
3.3 0.9 0.301579 0.340677 0
3.9 0.9 0.287252 0.347636 0
4.5 0.9 0.277569 0.356674 0
5.1 0.9 0.255405 0.367574 0
5.7 0.9 0.253139 0.37994 0
6.3 0.9 0.231318 0.395058 0
6.9 0.9 0.22099 0.408396 0
7.5 0.9 0.207899 0.421449 0
8.1 0.9 0.192268 0.433792 0
8.7 0.9 0.17437 0.445102 0
9.3 0.9 0.154495 0.455127 0
9.9 0.9 0.132942 0.463666 0
10.5 0.9 0.110025 0.47054 0
11.1 0.9 0.0861009 0.475597 0
11.7 0.9 0.0615885 0.478724 0
12.3 0.9 0.0369685 0.479886 0
12.9 0.9 -0.00293434 0.477235 0
13.5 0.9 -0.0236551 0.474684 0
14.1 0.9 -0.043391 0.470909 0
14.7 0.9 -0.0797568 0.466267 0
15.3 0.9 -0.105937 0.461135 0
15.9 0.9 -0.135373 0.455841 0
16.5 0.9 -0.170611 0.450617 0
17.1 0.9 -0.215525 0.44559 0
17.7 0.9 -0.275923 0.440795 0
18.3 0.9 -0.360513 0.436208 0
18.9 0.9 -0.482396 0.431775 0
0.3 1.5 0.643975 0.223814 0
0.9 1.5 0.509061 0.221633 0
1.5 1.5 0.422228 0.220275 0
2.1 1.5 0.367393 0.220288 0
2.7 1.5 0.333709 0.22226 0
3.3 1.5 0.313686 0.226716 0
3.9 1.5 0.301984 0.233985 0
4.5 1.5 0.294713 0.244093 0
5.1 1.5 0.274478 0.256715 0
5.7 1.5 0.257288 0.27427 0
6.3 1.5 0.249876 0.289846 0
6.9 1.5 0.23882 0.30557 0
7.5 1.5 0.224364 0.320748 0
8.1 1.5 0.206884 0.334867 0
8.7 1.5 0.186789 0.347581 0
9.3 1.5 0.164466 0.358652 0
9.9 1.5 0.140269 0.36789 0
10.5 1.5 0.114555 0.37511 0
11.1 1.5 0.0877286 0.380129 0
11.7 1.5 0.0602913 0.382795 0
12.3 1.5 0.0328535 0.383046 0
12.9 1.5 0.00610434 0.380981 0
13.5 1.5 -0.0340154 0.373897 0
14.1 1.5 -0.0548998 0.368452 0
14.7 1.5 -0.0918493 0.362192 0
15.3 1.5 -0.118083 0.355695 0
15.9 1.5 -0.147159 0.349425 0
16.5 1.5 -0.181778 0.343663 0
17.1 1.5 -0.225956 0.338503 0
17.7 1.5 -0.285609 0.333896 0
18.3 1.5 -0.369505 0.32972 0
18.9 1.5 -0.49077 0.32583 0
0.3 2.1 0.645664 0.14539 0
0.9 2.1 0.511782 0.141028 0
1.5 2.1 0.426538 0.137451 0
2.1 2.1 0.373938 0.135434 0
2.7 2.1 0.343138 0.135861 0
3.3 2.1 0.3265 0.139579 0
3.9 2.1 0.318365 0.14717 0
4.5 2.1 0.314397 0.158726 0
5.1 2.1 0.310722 0.182394 0.00675267
5.7 2.1 0.274063 0.190913 0.0390987
6.3 2.1 0.266665 0.21018 0.0528272
6.9 2.1 0.256372 0.229844 0.0688984
7.5 2.1 0.234213 0.240446 0.0878307
8.1 2.1 0.223509 0.267247 0
8.7 2.1 0.200657 0.281499 0
9.3 2.1 0.175353 0.293654 0
9.9 2.1 0.147996 0.303576 0
10.5 2.1 0.118952 0.311082 0
11.1 2.1 0.0886512 0.315938 0
11.7 2.1 0.0576751 0.317906 0
12.3 2.1 0.0268043 0.316846 0
12.9 2.1 -0.00301991 0.312858 0
13.5 2.1 -0.0308306 0.30638 0
14.1 2.1 -0.0692878 0.294345 0
14.7 2.1 -0.106595 0.285802 0
15.3 2.1 -0.132431 0.277478 0
15.9 2.1 -0.160585 0.27004 0
16.5 2.1 -0.194024 0.263806 0
17.1 2.1 -0.23699 0.258769 0
17.7 2.1 -0.295538 0.254716 0
18.3 2.1 -0.378496 0.251353 0
18.9 2.1 -0.498992 0.248396 0
0.3 2.7 0.645633 0.0859096 0
0.9 2.7 0.512651 0.0787328 0
1.5 2.7 0.429038 0.0721561 0
2.1 2.7 0.379008 0.0672406 0
2.7 2.7 0.351811 0.0653163 0
3.3 2.7 0.33967 0.0677691 0
3.9 2.7 0.355366 0.0814982 -0.0188639
4.5 2.7 0.36613 0.0994597 -0.0223591
5.1 2.7 0.30732 0.112096 -0.00256025
5.7 2.7 0.3243 0.143993 -0.0172339
6.3 2.7 0.334817 0.180841 0.0183383
6.9 2.7 0.338137 0.219385 0.0353964
7.5 2.7 0.29449 0.227328 0.0480585
8.1 2.7 0.23515 0.214043 0.0605204
8.7 2.7 0.204887 0.22342 0.101225
9.3 2.7 0.187131 0.249994 0
9.9 2.7 0.156076 0.260534 0
10.5 2.7 0.123144 0.268262 0
11.1 2.7 0.0887266 0.272851 0
11.7 2.7 0.0534642 0.273886 0
12.3 2.7 0.0183519 0.271046 0
12.9 2.7 -0.0152842 0.264355 0
13.5 2.7 -0.0460036 0.254407 0
14.1 2.7 -0.0872801 0.237435 0
14.7 2.7 -0.124528 0.225608 0
15.3 2.7 -0.149211 0.214816 0
15.9 2.7 -0.175564 0.206026 0
16.5 2.7 -0.207026 0.199533 0
17.1 2.7 -0.248174 0.195091 0
17.7 2.7 -0.305223 0.192173 0
18.3 2.7 -0.387023 0.190204 0
18.9 2.7 -0.506654 0.188704 0
0.3 3.3 0.643293 0.0387214 0
0.9 3.3 0.510844 0.028008 0
1.5 3.3 0.428671 0.0174405 0
2.1 3.3 0.381393 0.00841306 0
2.7 3.3 0.358574 0.0028886 0
3.3 3.3 0.365306 0.00437003 -0.0124126
3.9 3.3 0.357196 0.0107485 -0.00432866
4.5 3.3 0.370331 0.0288007 -0.0138844
5.1 3.3 0.359723 0.0629085 -0.142364
5.7 3.3 0.362586 0.0949702 -0.0578246
6.3 3.3 0.34722 0.123631 -0.0651828
6.9 3.3 0.317322 0.146708 -0.0396515
7.5 3.3 0.334365 0.195408 -0.0224943
8.1 3.3 0.356881 0.261148 0.039736
8.7 3.3 0.314814 0.284609 0.0975402
9.3 3.3 0.15211 0.162906 0.120981
9.9 3.3 0.295736 0.444599 0.143902
10.5 3.3 0.128948 0.24436 -0.0838488
11.1 3.3 0.087938 0.244432 -0.000399756
11.7 3.3 0.0475004 0.244381 0
12.3 3.3 0.00706764 0.239295 0
12.9 3.3 -0.0314532 0.228904 0
13.5 3.3 -0.0657951 0.213942 0
14.1 3.3 -0.09406 0.196344 0
14.7 3.3 -0.14623 0.173395 0
15.3 3.3 -0.168486 0.159245 0
15.9 3.3 -0.19168 0.149 0
16.5 3.3 -0.218312 0.141816 0.0326967
17.1 3.3 -0.258689 0.139739 0
17.7 3.3 -0.313883 0.138844 0
18.3 3.3 -0.394414 0.139076 0
18.9 3.3 -0.513207 0.139699 0
0.3 3.9 0.638007 -0.000151438 0
0.9 3.9 0.505359 -0.0151302 0
1.5 3.9 0.423991 -0.0308483 0
2.1 3.9 0.379232 -0.0456203 0
2.7 3.9 0.36141 -0.056672 0
3.3 3.9 0.377263 -0.06151 0.00274518
3.9 3.9 0.378789 -0.0527012 0.0100969
4.5 3.9 0.387658 -0.0248918 -0.0475384
5.1 3.9 0.394308 0.0107355 -0.0753845
5.7 3.9 0.381358 0.0476233 -0.0401679
6.3 3.9 0.367452 0.0854532 0
6.9 3.9 0.346585 0.119658 0
7.5 3.9 0.318397 0.147957 0
8.1 3.9 0.311447 0.186326 -0.0421412
8.7 3.9 0.259831 0.196151 -0.212424
9.3 3.9 0.248593 0.239654 0.00319515
9.9 3.9 0.226837 0.284985 0.0875467
10.5 3.9 0.285886 0.540871 0.159864
11.1 3.9 0.0840663 0.217368 0.193714
11.7 3.9 0.0399522 0.225769 -0.000431835
12.3 3.9 -0.00723953 0.218117 0
12.9 3.9 -0.0522865 0.202878 0
13.5 3.9 -0.0891666 0.177741 0.0789593
14.1 3.9 -0.118241 0.151834 0.0877326
14.7 3.9 -0.172255 0.12283 0
15.3 3.9 -0.189894 0.104101 0
15.9 3.9 -0.207842 0.0925856 0
16.5 3.9 -0.231742 0.0876906 0
17.1 3.9 -0.264808 0.0869747 0.0363296
17.7 3.9 -0.320364 0.0899011 0
18.3 3.9 -0.39977 0.0933768 0
18.9 3.9 -0.517978 0.0969062 0
0.3 4.5 0.62922 -0.032725 0
0.9 4.5 0.495142 -0.0525139 0
1.5 4.5 0.413198 -0.0745262 0
2.1 4.5 0.369813 -0.0970421 0
2.7 4.5 0.36388 -0.118277 -0.0204026
3.3 4.5 0.377291 -0.129302 -0.00183692
3.9 4.5 0.396795 -0.121143 0
4.5 4.5 0.443917 -0.0898801 -0.0708869
5.1 4.5 0.420061 -0.0393732 0
5.7 4.5 0.426383 0.0147491 0
6.3 4.5 0.412295 0.0654055 0
6.9 4.5 0.384095 0.10669 0
7.5 4.5 0.348218 0.137975 0
8.1 4.5 0.308854 0.161227 0
8.7 4.5 0.286526 0.191004 0.0736034
9.3 4.5 1.40205 1.2646 -0.0956337
9.9 4.5 1.20777 1.41935 -0.00736942
10.5 4.5 0.587187 1.00232 -0.0353485
11.1 4.5 0.226617 0.675147 -0.151378
11.7 4.5 0.0274607 0.970136 0.197421
12.3 4.5 -0.0304394 0.234725 0.312165
12.9 4.5 -0.117685 0.246393 -0.313438
13.5 4.5 -0.124439 0.152643 0
14.1 4.5 -0.151939 0.111072 0.0974806
14.7 4.5 -0.183663 0.0745663 0.108312
15.3 4.5 -0.212047 0.0434493 0
15.9 4.5 -0.221639 0.031659 0
16.5 4.5 -0.239531 0.0302953 0
17.1 4.5 -0.268899 0.0350493 0.0403663
17.7 4.5 -0.323113 0.0425644 0
18.3 4.5 -0.402006 0.0504922 0
18.9 4.5 -0.520226 0.0577318 0
0.3 5.1 0.616683 -0.0741303 0
0.9 5.1 0.479391 -0.0987551 0
1.5 5.1 0.394444 -0.127725 0
2.1 5.1 0.353642 -0.161401 -0.0186315
2.7 5.1 0.346797 -0.195303 -0.00776529
3.3 5.1 0.365298 -0.216218 -0.0128391
3.9 5.1 0.425919 -0.221202 -0.0085124
4.5 5.1 0.455235 -0.168625 0
5.1 5.1 0.478825 -0.0988901 0
5.7 5.1 0.486972 -0.020118 0
6.3 5.1 0.463667 0.0462207 0
6.9 5.1 0.423511 0.0935642 0
7.5 5.1 0.377371 0.125089 0
8.1 5.1 0.330422 0.146225 0
8.7 5.1 0.284123 0.161435 0
9.3 5.1 0.251728 0.183526 -0.232197
9.9 5.1 0.198453 0.193133 0.0942538
10.5 5.1 0.970535 1.66481 -0.00288032
11.1 5.1 0.618388 1.74443 0.0117732
11.7 5.1 0.00177483 0.787488 -0.114899
12.3 5.1 -0.101142 0.323126 0.21942
12.9 5.1 -0.130183 0.188111 0.353182
13.5 5.1 -0.22326 0.144428 0.104311
14.1 5.1 -0.200404 0.0549387 0
14.7 5.1 -0.21572 -0.000570564 0.120346
15.3 5.1 -0.231068 -0.0433447 0
15.9 5.1 -0.228136 -0.0522945 0
16.5 5.1 -0.239277 -0.0460574 0
17.1 5.1 -0.268833 -0.0331114 0
17.7 5.1 -0.316819 -0.0180933 0.0448514
18.3 5.1 -0.400021 -0.00513429 0
18.9 5.1 -0.519281 0.00643715 0
0.3 5.7 0.600767 -0.0898104 0
0.9 5.7 -0.0248 -0.00496001 -1
1.5 5.7 0.366679 -0.153611 0
2.1 5.7 0.316871 -0.196857 -0.0115483
2.7 5.7 0.307223 -0.247958 -0.0105681
3.3 5.7 0.333991 -0.290287 0.00952397
3.9 5.7 0.416201 -0.308661 -0.0113845
4.5 5.7 0.500784 -0.244713 0
5.1 5.7 0.556188 -0.130419 0
5.7 5.7 0.560075 -0.0112541 0
6.3 5.7 0.516926 0.0711795 0
6.9 5.7 0.459009 0.118404 0
7.5 5.7 0.401096 0.143984 0
8.1 5.7 0.347154 0.158573 0
8.7 5.7 0.29688 0.168554 0
9.3 5.7 0.24849 0.177388 0
9.9 5.7 0.226672 0.213804 -0.387537
10.5 5.7 0.186082 0.253421 0.0422926
11.1 5.7 0.104113 0.251202 0.0826135
11.7 5.7 0.0224472 1.91982 -0.0333685
12.3 5.7 -0.553059 1.39625 -0.361267
12.9 5.7 -1.061 1.01513 -0.207906
13.5 5.7 -0.568512 0.235592 0.268518
14.1 5.7 -0.242641 0.0142014 -0.429987
14.7 5.7 -0.258068 -0.07862 0
15.3 5.7 -0.227181 -0.122422 0.133718
15.9 5.7 -0.218011 -0.126414 0
16.5 5.7 -0.22504 -0.106055 0
17.1 5.7 -0.255944 -0.0815356 0
17.7 5.7 -0.306385 -0.0574024 0.0498349
18.3 5.7 -0.393039 -0.0389646 0
18.9 5.7 -0.514757 -0.0229248 0
0.3 6.3 0.582741 -0.100167 0
0.9 6.3 0.0405289 -0.0258037 -1.36424e-011
1.5 6.3 0.333481 -0.170067 -0.00984221
2.1 6.3 0.268433 -0.22055 -0.0134525
2.7 6.3 0.241344 -0.288109 -0.0270836
3.3 6.3 0.255828 -0.357971 -0.0322394
3.9 6.3 0.342434 -0.401202 0
4.5 6.3 0.543695 -0.345554 0
5.1 6.3 0.662515 -0.129441 0
5.7 6.3 0.636206 0.0495779 0
6.3 6.3 0.556732 0.131601 0
6.9 6.3 0.479148 0.16217 0
7.5 6.3 0.412408 0.171813 0
8.1 6.3 0.355033 0.174446 0
8.7 6.3 0.30394 0.176302 0
9.3 6.3 0.256046 0.180244 0
9.9 6.3 0.208386 0.187538 0
10.5 6.3 0.157911 0.198483 0
11.1 6.3 0.105464 0.225727 0.129438
11.7 6.3 0.0385235 0.340735 0.0895419
12.3 6.3 -0.639109 1.77854 -0.0187174
12.9 6.3 -0.19862 0.269738 -0.0259031
13.5 6.3 0.029139 0.0272801 -1.62931
14.1 6.3 0.0252776 0.0277838 0.442336
14.7 6.3 -0.257787 -0.180624 0.276413
15.3 6.3 -0.184522 -0.21504 0.302139
15.9 6.3 -0.159435 -0.188112 0.341251
16.5 6.3 -0.167548 -0.146423 0.379167
17.1 6.3 -0.192698 -0.106195 0.421297
17.7 6.3 -0.289744 -0.0945361 0.013843
18.3 6.3 -0.381096 -0.0707794 0
18.9 6.3 -0.506796 -0.0509253 0
0.3 6.9 0.423599 -0.0843773 -0.5
0.9 6.9 0.406863 -0.132772 0
1.5 6.9 0.296692 -0.171304 -0.0109413
2.1 6.9 0.210636 -0.219751 -0.00629819
2.7 6.9 0.145478 -0.280314 0
3.3 6.9 0.111877 -0.36709 0
3.9 6.9 0.00873102 -0.00542237 -0.606251
4.5 6.9 0.115297 -0.114363 -0.546226
5.1 6.9 0.549787 0.0226743 -0.25
5.7 6.9 0.0262242 0.0155691 -0.242188
6.3 6.9 0.550325 0.228908 0
6.9 6.9 0.468797 0.218218 0
7.5 6.9 0.404455 0.202572 0
8.1 6.9 0.3508 0.189525 0
8.7 6.9 0.303605 0.181584 0
9.3 6.9 0.259696 0.179677 0
9.9 6.9 0.199362 0.169196 0.0260276
10.5 6.9 0.15171 0.170987 0.0250741
11.1 6.9 0.106085 0.184772 0.0326052
11.7 6.9 0.0578719 0.219791 0.0357056
12.3 6.9 -0.0236377 0.328782 0.108748
12.9 6.9 0.000946295 0.0709834 -0.337525
13.5 6.9 0.0255042 0.0279842 -0.129939
14.1 6.9 0.0170437 0.024639 0.0648902
14.7 6.9 0.00561393 -0.000103842 0.898704
15.3 6.9 -0.0956766 -0.388929 0.665084
15.9 6.9 -0.0938271 -0.264268 0
16.5 6.9 -0.137075 -0.206827 0
17.1 6.9 -0.19571 -0.161709 0
17.7 6.9 -0.284677 -0.13649 0.545579
18.3 6.9 -0.365435 -0.098234 0
18.9 6.9 -0.415292 -0.0615898 0.25
0.3 7.5 0.549591 -0.102108 0
0.9 7.5 0.384834 -0.125664 0
1.5 7.5 0.260167 -0.154389 0
2.1 7.5 0.157464 -0.188994 0
2.7 7.5 0.0629088 -0.229546 0
3.3 7.5 -0.0365324 -0.273244 0
3.9 7.5 -0.0858891 -0.147056 -0.604803
4.5 7.5 -0.318975 0.0108314 -1.425
5.1 7.5 0.37494 0.41066 -0.5
5.7 7.5 0.516623 0.403408 0
6.3 7.5 0.470699 0.321463 0
6.9 7.5 0.421383 0.265063 0
7.5 7.5 0.375683 0.225102 0
8.1 7.5 0.334078 0.197687 0
8.7 7.5 0.295608 0.18074 0
9.3 7.5 0.258934 0.173122 0
9.9 7.5 0.222614 0.174333 0.0231776
10.5 7.5 0.185187 0.184409 0
11.1 7.5 0.145236 0.203905 0
11.7 7.5 0.0901323 0.201056 0.0437576
12.3 7.5 0.0483501 0.232014 0.0600293
12.9 7.5 0.0189028 0.149463 0.0712881
13.5 7.5 0.0177761 0.0182257 0.295436
14.1 7.5 0.0137319 0.0282665 0.0863578
14.7 7.5 0.39266 -0.435303 0.366854
15.3 7.5 0.648469 -1.83975 0.711986
15.9 7.5 0.0228822 -1.80205 1.07861
16.5 7.5 -0.544635 -1.78504 0.98438
17.1 7.5 -1.35514 -1.43905 1.44015
17.7 7.5 -1.612 -0.859855 1.50528
18.3 7.5 -1.25578 -0.358738 0.9375
18.9 7.5 -0.484407 -0.097442 0
0.3 8.1 0.539358 -0.0955918 0
0.9 8.1 -0.02852 -0.00372 -1
1.5 8.1 0.24039 -0.129115 0
2.1 8.1 0.129559 -0.144455 0
2.7 8.1 0.0236885 -0.150747 0
3.3 8.1 -0.0880092 -0.127995 0
3.9 8.1 -0.0365704 0.00713076 -1.89735e-019
4.5 8.1 0.01344 0.01152 -1
5.1 8.1 0.107961 0.498268 0
5.7 8.1 0.301654 0.438887 0
6.3 8.1 0.352651 0.349527 0
6.9 8.1 0.351842 0.279604 0
7.5 8.1 0.333181 0.228956 0
8.1 8.1 0.308335 0.193691 0
8.7 8.1 0.281458 0.170911 0
9.3 8.1 0.253935 0.158822 0
9.9 8.1 0.22611 0.156485 0
10.5 8.1 0.198089 0.163637 0
11.1 8.1 0.170354 0.180581 0
11.7 8.1 0.144695 0.208033 0
12.3 8.1 0.126369 0.246564 0
12.9 8.1 0.0943009 0.199201 0.115275
13.5 8.1 0.0815164 0.118139 0.0986777
14.1 8.1 0.3188 0.19505 0.166526
14.7 8.1 0.173684 -0.044176 0.121529
15.3 8.1 0.459426 -0.450306 0.0130315
15.9 8.1 0.0705247 -0.229335 0.168575
16.5 8.1 -0.0448686 -0.502027 1.4931
17.1 8.1 -0.441382 -0.632567 1.27713
17.7 8.1 -0.493841 -0.338854 1.47281
18.3 8.1 -0.557033 -0.210497 1.81812
18.9 8.1 -0.6216 -0.143183 1.35824
0.3 8.7 0.535141 -0.0871456 0
0.9 8.7 0.366053 -0.0960333 0
1.5 8.7 0.2361 -0.102038 0
2.1 8.7 0.12791 -0.10059 0
2.7 8.7 0.0310687 -0.0825118 0
3.3 8.7 -0.0547704 -0.0305903 0
3.9 8.7 -0.11656 0.0912679 0
4.5 8.7 -0.0795294 0.251374 0
5.1 8.7 0.0439471 0.360651 0
5.7 8.7 0.181813 0.362927 0
6.3 8.7 0.256999 0.313629 0
6.9 8.7 0.285406 0.258202 0
7.5 8.7 0.288612 0.211384 0
8.1 8.7 0.279275 0.175886 0
8.7 8.7 0.263824 0.151249 0
9.3 8.7 0.245478 0.136501 0
9.9 8.7 0.226007 0.130855 0
10.5 8.7 0.206757 0.133807 0
11.1 8.7 0.189477 0.144957 0
11.7 8.7 0.177309 0.163462 0
12.3 8.7 0.176251 0.186444 0
12.9 8.7 0.241656 0.261556 -0.406319
13.5 8.7 0.174819 0.135849 0.121903
14.1 8.7 0.171659 0.0698126 0.16576
14.7 8.7 0.105775 -0.0136803 0.163234
15.3 8.7 0.167977 -0.134002 0.05636
15.9 8.7 0.0624114 -0.148211 0.109636
16.5 8.7 -0.0113521 -0.110422 0.147453
17.1 8.7 -0.0286125 -0.0509695 0.748437
17.7 8.7 -0.0651193 -0.0621658 1.12675
18.3 8.7 -0.127602 -0.070687 1.05803
18.9 8.7 -0.126269 -0.051441 0.856553
0.3 9.3 -0.02108 0.01612 -1
0.9 9.3 -0.0158216 0.0172645 -3.71074e-009
1.5 9.3 0.244474 -0.0800143 0
2.1 9.3 0.144837 -0.0687676 0
2.7 9.3 0.0635326 -0.0416188 0
3.3 9.3 0.00270607 0.00965765 0
3.9 9.3 -0.0235621 0.0882607 0
4.5 9.3 -0.00740213 0.193213 0
5.1 9.3 0.0503251 0.257833 0
5.7 9.3 0.137174 0.272434 0
6.3 9.3 0.200773 0.250311 0
6.9 9.3 0.236259 0.214005 0
7.5 9.3 0.250716 0.177451 0
8.1 9.3 0.251918 0.146541 0
8.7 9.3 0.245388 0.123121 0
9.3 9.3 0.234662 0.10742 0
9.9 9.3 0.2221 0.0991021 0
10.5 9.3 0.209614 0.0975786 0
11.1 9.3 0.199296 0.101877 0
11.7 9.3 0.193957 0.110039 0
12.3 9.3 0.197348 0.117795 0
12.9 9.3 0.250337 0.143515 -0.365687
13.5 9.3 0.238493 0.0916229 0
14.1 9.3 0.180756 0.031529 0.0627217
14.7 9.3 0.115442 -0.00798922 0.102885
15.3 9.3 0.131485 -0.0973163 0.336149
15.9 9.3 0.0602719 -0.13912 0.292708
16.5 9.3 -0.00990443 -0.130082 0.176373
17.1 9.3 -0.0438927 -0.0846057 0.655986
17.7 9.3 -0.0607309 -0.060342 0.600006
18.3 9.3 -0.0988366 -0.0606083 1.15396
18.9 9.3 -0.0928596 -0.0444975 0.771261
0.3 9.9 0.542282 -0.0942069 0
0.9 9.9 0.379531 -0.0930408 0
1.5 9.9 0.260358 -0.0866531 0
2.1 9.9 0.170263 -0.0719677 0
2.7 9.9 0.102434 -0.045363 0
3.3 9.9 0.0570604 -0.00433766 0
3.9 9.9 0.0396386 0.048629 0
4.5 9.9 0.045599 0.117779 0
5.1 9.9 0.071316 0.158227 0
5.7 9.9 0.126404 0.172276 0
6.3 9.9 0.173219 0.163048 0
6.9 9.9 0.205023 0.140666 0
7.5 9.9 0.22244 0.114248 0
8.1 9.9 0.228911 0.0893563 0
8.7 9.9 0.227997 0.0686843 0
9.3 9.9 0.22257 0.0532317 0
9.9 9.9 0.214855 0.0430808 0
10.5 9.9 0.206726 0.0377211 0
11.1 9.9 0.199993 0.0360058 0
11.7 9.9 0.196533 0.0357891 0
12.3 9.9 0.226726 0.0430355 -0.329118
12.9 9.9 0.204329 0.0228637 0
13.5 9.9 0.211685 -0.00198346 0
14.1 9.9 0.210692 -0.0434687 0
14.7 9.9 0.0677686 -0.0115795 0.242049
15.3 9.9 0.0608022 -0.039839 0.308682
15.9 9.9 0.038283 -0.0989685 0.480227
16.5 9.9 -6.2938e-005 -0.0923683 0.590882
17.1 9.9 -0.0439681 -0.0993345 0.255704
17.7 9.9 -0.0187486 -0.0379685 0.882601
18.3 9.9 -0.0520665 -0.0465416 0.676744
18.9 9.9 -0.0570797 -0.0416722 0.725872
0.3 10.5 0.550555 -0.102224 0
0.9 10.5 0.392144 -0.0990202 0
1.5 10.5 0.279075 -0.0912118 0
2.1 10.5 0.197064 -0.0769838 0
2.7 10.5 0.138709 -0.0548108 0
3.3 10.5 0.101735 -0.0246502 0
3.9 10.5 0.0867058 0.0103938 0
4.5 10.5 0.0855795 0.05862 0
5.1 10.5 0.0934326 0.0846044 0
5.7 10.5 0.128957 0.0953899 0
6.3 10.5 0.161789 0.0914965 0
6.9 10.5 0.186837 0.077494 0
7.5 10.5 0.2028 0.0587056 0
8.1 10.5 0.210719 0.0392434 0
8.7 10.5 0.212493 0.0216211 0
9.3 10.5 0.210067 0.0070693 0
9.9 10.5 0.205168 -0.00408034 0
10.5 10.5 0.199296 -0.0121728 0
11.1 10.5 0.193765 -0.0182014 0
11.7 10.5 0.189628 -0.0239238 0
12.3 10.5 0.210746 -0.0331009 -0.296206
12.9 10.5 0.185909 -0.0455645 0
13.5 10.5 0.182373 -0.0673727 0
14.1 10.5 0.171851 -0.0973498 0
14.7 10.5 0.122157 -0.141519 0.107617
15.3 10.5 0.0545697 -0.0855009 0.0169375
15.9 10.5 0.0289815 -0.02629 0.375163
16.5 10.5 0.0199035 -0.0192535 0.462138
17.1 10.5 0.0171192 -0.0138396 0.505838
17.7 10.5 -0.0146985 -0.0357366 0.581966
18.3 10.5 -0.178115 -0.123269 0.617116
18.9 10.5 -0.446409 -0.188856 0
0.3 11.1 0.559831 -0.118764 0
0.9 11.1 0.405436 -0.114974 0
1.5 11.1 0.297501 -0.10755 0
2.1 11.1 0.221537 -0.0955761 0
2.7 11.1 0.169288 -0.0786394 0
3.3 11.1 0.136659 -0.0574837 0
3.9 11.1 0.121681 -0.0346219 0
4.5 11.1 0.115858 0.00033018 0
5.1 11.1 0.112842 0.017048 0
5.7 11.1 0.135902 0.0244436 0
6.3 11.1 0.158326 0.0223841 0
6.9 11.1 0.176693 0.012994 0
7.5 11.1 0.189461 -0.000719212 0
8.1 11.1 0.196616 -0.016014 0
8.7 11.1 0.198994 -0.0309268 0
9.3 11.1 0.197746 -0.0443241 0
9.9 11.1 0.194037 -0.0557818 0
10.5 11.1 0.188914 -0.0654675 0
11.1 11.1 0.183224 -0.0740831 0
11.7 11.1 0.19731 -0.0911398 -0.266586
12.3 11.1 0.171662 -0.0933433 0
12.9 11.1 0.164822 -0.10727 0
13.5 11.1 0.155043 -0.125622 0
14.1 11.1 0.13985 -0.147856 0
14.7 11.1 0.090273 -0.176882 0.188329
15.3 11.1 0.0696621 -0.262301 -0.069788
15.9 11.1 0.00781429 -0.176141 0.334104
16.5 11.1 -0.0419004 -0.193864 0.143987
17.1 11.1 -0.0760094 -0.158252 0.047593
17.7 11.1 -0.182889 -0.208124 0.0320117
18.3 11.1 -0.286018 -0.207906 0.267166
18.9 11.1 -0.444033 -0.212924 0
0.3 11.7 0.568949 -0.146216 0
0.9 11.7 0.417919 -0.142748 0
1.5 11.7 0.313953 -0.13661 0
2.1 11.7 0.242229 -0.127426 0
2.7 11.7 0.193756 -0.11528 0
3.3 11.7 0.163281 -0.101028 0
3.9 11.7 0.147557 -0.0864882 0
4.5 11.7 0.143884 -0.0742343 0
5.1 11.7 0.128591 -0.0500303 0
5.7 11.7 0.143404 -0.0455404 0
6.3 11.7 0.158278 -0.0473073 0
6.9 11.7 0.170975 -0.0543132 0
7.5 11.7 0.18019 -0.0648635 0
8.1 11.7 0.185533 -0.0772111 0
8.7 11.7 0.187261 -0.0899502 0
9.3 11.7 0.185962 -0.102165 0
9.9 11.7 0.182336 -0.113433 0
10.5 11.7 0.185768 -0.130549 -0.231923
11.1 11.7 0.187976 -0.148017 -0.394754
11.7 11.7 0.163128 -0.143657 0
12.3 11.7 0.154583 -0.154805 0
12.9 11.7 0.14425 -0.167845 0
13.5 11.7 0.131016 -0.18307 0
14.1 11.7 0.113656 -0.199916 0
14.7 11.7 0.06857 -0.229269 0
15.3 11.7 0.0392259 -0.312751 -0.0775422
15.9 11.7 -0.0170609 -0.325315 -0.086158
16.5 11.7 -0.0562821 -0.235496 0.243383
17.1 11.7 -0.119168 -0.245618 0.239232
17.7 11.7 -0.205272 -0.256861 0
18.3 11.7 -0.306245 -0.251848 0
18.9 11.7 -0.442351 -0.244919 0
0.3 12.3 0.57717 -0.188256 0
0.9 12.3 0.428789 -0.185587 0
1.5 12.3 0.327739 -0.181056 0
2.1 12.3 0.258878 -0.174575 0
2.7 12.3 0.212679 -0.166406 0
3.3 12.3 0.183186 -0.157294 0
3.9 12.3 0.166503 -0.148508 0
4.5 12.3 0.15966 -0.141659 0
5.1 12.3 0.140713 -0.122781 0
5.7 12.3 0.149878 -0.120631 0
6.3 12.3 0.159268 -0.122734 0
6.9 12.3 0.167414 -0.128591 0
7.5 12.3 0.173315 -0.137237 0
8.1 12.3 0.176506 -0.147578 0
8.7 12.3 0.176952 -0.158649 0
9.3 12.3 0.174899 -0.169754 0
9.9 12.3 0.17071 -0.180516 0
10.5 12.3 0.16475 -0.19086 0
11.1 12.3 0.157286 -0.200972 0
11.7 12.3 0.148406 -0.211221 0
12.3 12.3 0.137952 -0.222036 0
12.9 12.3 0.125507 -0.233734 0
13.5 12.3 0.110477 -0.24631 0
14.1 12.3 0.087905 -0.273351 0
14.7 12.3 0.0488713 -0.283247 0
15.3 12.3 0.0154219 -0.291951 0
15.9 12.3 -0.0333984 -0.388212 -0.0957311
16.5 12.3 -0.0739176 -0.301898 0
17.1 12.3 -0.13356 -0.302344 0
17.7 12.3 -0.208603 -0.300002 0
18.3 12.3 -0.306873 -0.295401 0
18.9 12.3 -0.440946 -0.289153 0
0.3 12.9 0.5841 -0.250771 0
0.9 12.9 0.43772 -0.249088 0
1.5 12.9 0.338739 -0.246164 0
2.1 12.9 0.271761 -0.242047 0
2.7 12.9 0.22689 -0.237029 0
3.3 12.9 0.197758 -0.231701 0
3.9 12.9 0.180124 -0.226937 0
4.5 12.9 0.170916 -0.223769 0
5.1 12.9 0.153046 -0.223173 0
5.7 12.9 0.154766 -0.208721 0
6.3 12.9 0.160131 -0.211365 0
6.9 12.9 0.164703 -0.216723 0
7.5 12.9 0.16774 -0.224237 0
8.1 12.9 0.16881 -0.23322 0
8.7 12.9 0.167757 -0.243019 0
9.3 12.9 0.164628 -0.253121 0
9.9 12.9 0.159577 -0.263204 0
10.5 12.9 0.152781 -0.273135 0
11.1 12.9 0.144368 -0.282949 0
11.7 12.9 0.134362 -0.292782 0
12.3 12.9 -0.00930001 0.02542 -1
12.9 12.9 0.109028 -0.313052 0
13.5 12.9 0.0931907 -0.323437 0
14.1 12.9 0.0715986 -0.3464 0
14.7 12.9 0.0332667 -0.353415 0
15.3 12.9 0.00154479 -0.359293 0
15.9 12.9 -0.0364342 -0.363383 0
16.5 12.9 -0.109355 -0.475487 -0.106368
17.1 12.9 -0.138978 -0.364844 0
17.7 12.9 -0.211298 -0.362263 0
18.3 12.9 -0.307276 -0.357866 0
18.9 12.9 -0.439541 -0.352078 0
0.3 13.5 0.589598 -0.343086 0
0.9 13.5 0.444679 -0.342402 0
1.5 13.5 0.347128 -0.340929 0
2.1 13.5 0.281356 -0.338769 0
2.7 13.5 0.237228 -0.336187 0
3.3 13.5 0.208125 -0.33363 0
3.9 13.5 0.189628 -0.3317 0
4.5 13.5 0.178626 -0.331071 0
5.1 13.5 0.158178 -0.332363 0
5.7 13.5 0.160478 -0.33602 0
6.3 13.5 0.160359 -0.323946 0
6.9 13.5 0.162147 -0.329124 0
7.5 13.5 0.162804 -0.335953 0
8.1 13.5 0.161963 -0.343996 0
8.7 13.5 0.159431 -0.35281 0
9.3 13.5 0.155156 -0.362018 0
9.9 13.5 0.149171 -0.371347 0
10.5 13.5 0.141541 -0.380642 0
11.1 13.5 0.132317 -0.389843 0
11.7 13.5 0.121502 -0.398951 0
12.3 13.5 0.109041 -0.407972 0
12.9 13.5 0.0948326 -0.416856 0
13.5 13.5 0.0762698 -0.439376 0
14.1 13.5 0.0419215 -0.286577 -5.42101e-020
14.7 13.5 0.02046 0.02046 -1
15.3 13.5 -0.00931662 -0.453961 0
15.9 13.5 -0.0452688 -0.456414 0
16.5 13.5 -0.117743 -0.589467 -0.118187
17.1 13.5 -0.0244978 -0.107459 -0.13132
17.7 13.5 0.013019 0.00681798 -1.14591
18.3 13.5 -0.307285 -0.448941 0
18.9 13.5 -0.437979 -0.443488 0
