0.3 0.3 0.637314 0.484847 0
0.9 0.3 0.500404 0.485583 0
1.5 0.3 0.410881 0.487026 0
2.1 0.3 0.35262 0.489448 0
2.7 0.3 0.763948 1.28709 -0.809974
3.3 0.3 0.02816 -0.01856 -1.89997
3.9 0.3 0.0074616 -0.0309566 -0.999968
4.5 0.3 0.262542 0.513109 0
5.1 0.3 0.01798 -0.02604 -1
5.7 0.3 0.235652 0.533492 0
6.3 0.3 0.230454 0.545056 0
6.9 0.3 0.205713 0.557437 0
7.5 0.3 0.19364 0.568773 0
8.1 0.3 0.179437 0.579619 0
8.7 0.3 0.163288 0.589689 0
9.3 0.3 0.14541 0.59875 0
9.9 0.3 0.126043 0.606607 0
10.5 0.3 0.105453 0.613094 0
11.1 0.3 0.083944 0.618077 0
11.7 0.3 0.0618583 0.621464 0
12.3 0.3 0.0395789 0.623222 0
12.9 0.3 0.00377461 0.622321 0
13.5 0.3 -0.0155323 0.620817 0
14.1 0.3 -0.0341852 0.618212 0
14.7 0.3 -0.0698524 0.614733 0
15.3 0.3 -0.0957122 0.610631 0
15.9 0.3 -0.125148 0.606141 0
16.5 0.3 -0.160621 0.601451 0
17.1 0.3 -0.205915 0.596688 0
17.7 0.3 -0.266762 0.591927 0
18.3 0.3 -0.351819 0.587196 0
18.9 0.3 -0.474155 0.582499 0
0.3 0.9 0.641063 0.331627 0
0.9 0.9 0.505116 0.33111 0
1.5 0.9 0.416845 0.331374 0
2.1 0.9 1.04235 1.04374 -0.728977
2.7 0.9 0.324166 0.335799 0
3.3 0.9 0.02294 -0.03038 -1
3.9 0.9 0.235675 0.278346 -9.65972e-006
4.5 0.9 0.277569 0.356674 0
5.1 0.9 0.211859 0.29624 -3.16702e-054
5.7 0.9 0.253139 0.37994 0
6.3 0.9 0.231318 0.395058 0
6.9 0.9 0.220991 0.408398 -1.58594e-005
7.5 0.9 0.207902 0.421455 -3.05185e-005
8.1 0.9 0.192268 0.433792 0
8.7 0.9 0.17437 0.445102 0
9.3 0.9 0.154495 0.455127 0
9.9 0.9 0.132942 0.463666 0
10.5 0.9 0.00106779 -0.0283298 -0.998372
11.1 0.9 0.0861009 0.475597 0
11.7 0.9 0.0615885 0.478724 0
12.3 0.9 0.0369685 0.479886 0
12.9 0.9 -0.00293434 0.477235 0
13.5 0.9 -0.0236551 0.474684 0
14.1 0.9 -0.043391 0.470909 0
14.7 0.9 -0.0797568 0.466267 0
15.3 0.9 -0.105937 0.461135 0
15.9 0.9 -0.135373 0.455841 0
16.5 0.9 -0.170611 0.450617 0
17.1 0.9 -0.215525 0.44559 0
17.7 0.9 -0.275923 0.440795 0
18.3 0.9 -0.360513 0.436208 0
18.9 0.9 -0.482396 0.431775 0
0.3 1.5 0.643975 0.223814 0
0.9 1.5 0.509061 0.221633 0
1.5 1.5 0.422228 0.220275 0
2.1 1.5 0.367393 0.220288 0
2.7 1.5 0.277075 0.176627 -2.69193e-290
3.3 1.5 0.313686 0.226716 0
3.9 1.5 0.252969 0.190627 -6.7618e-006
4.5 1.5 0.248865 0.201303 -2.21691e-054
5.1 1.5 0.274478 0.256715 0
5.7 1.5 0.257288 0.27427 0
6.3 1.5 0.249952 0.289947 -0.00061878
6.9 1.5 0.238951 0.305763 -0.000490715
7.5 1.5 0.224546 0.321003 -0.00233111
8.1 1.5 0.206884 0.334867 0
8.7 1.5 0.186789 0.347581 0
9.3 1.5 0.164466 0.358652 0
9.9 1.5 0.140269 0.36789 0
10.5 1.5 0.0939953 0.304626 -0.000488524
11.1 1.5 0.0877286 0.380129 0
11.7 1.5 0.0602913 0.382795 0
12.3 1.5 0.0328535 0.383046 0
12.9 1.5 0.00610434 0.380981 0
13.5 1.5 -0.0340154 0.373897 0
14.1 1.5 -0.0548998 0.368452 0
14.7 1.5 -0.0918493 0.362192 0
15.3 1.5 -0.118083 0.355695 0
15.9 1.5 -0.147159 0.349425 0
16.5 1.5 -0.181778 0.343663 0
17.1 1.5 -0.225956 0.338503 0
17.7 1.5 -0.285609 0.333896 0
18.3 1.5 -0.369505 0.32972 0
18.9 1.5 -0.49077 0.32583 0
0.3 2.1 0.645664 0.14539 0
0.9 2.1 0.511782 0.141028 0
1.5 2.1 0.426538 0.137451 0
2.1 2.1 0.373938 0.135434 0
2.7 2.1 0.343138 0.135861 0
3.3 2.1 0.3265 0.139579 0
3.9 2.1 0.318365 0.14717 0
4.5 2.1 0.314398 0.158726 -1.34121e-006
5.1 2.1 0.296634 0.173683 0.000982629
5.7 2.1 0.279305 0.195615 0.00060248
6.3 2.1 0.271937 0.214524 -0.000771855
6.9 2.1 0.259756 0.233291 -9.78714e-005
7.5 2.1 0.243554 0.251189 -0.00125157
8.1 2.1 0.223512 0.267251 -7.9445e-005
8.7 2.1 0.200671 0.281517 -7.35862e-005
9.3 2.1 0.175354 0.293656 -9.34711e-006
9.9 2.1 0.147997 0.303579 -7.26998e-006
10.5 2.1 0.118952 0.311082 0
11.1 2.1 0.0886512 0.315938 0
11.7 2.1 0.0576751 0.317906 0
12.3 2.1 0.0268043 0.316846 0
12.9 2.1 -0.00301991 0.312858 0
13.5 2.1 -0.0308306 0.30638 0
14.1 2.1 -0.0692878 0.294345 0
14.7 2.1 -0.106595 0.285802 0
15.3 2.1 -0.132431 0.277478 0
15.9 2.1 -0.160585 0.27004 0
16.5 2.1 -0.194024 0.263806 0
17.1 2.1 -0.23699 0.258769 0
17.7 2.1 -0.295538 0.254716 0
18.3 2.1 -0.378496 0.251353 0
18.9 2.1 -0.498992 0.248396 0
0.3 2.7 0.645633 0.0859096 0
0.9 2.7 0.512701 0.0787418 -9.82887e-005
1.5 2.7 0.429038 0.0721561 0
2.1 2.7 0.379008 0.0672406 0
2.7 2.7 0.351811 0.0653163 0
3.3 2.7 0.33967 0.0677691 0
3.9 2.7 0.336441 0.0756441 5.19633e-005
4.5 2.7 0.337006 0.0891794 0.000189711
5.1 2.7 0.306596 0.112873 0.000453975
5.7 2.7 0.305275 0.13515 0.000608039
6.3 2.7 0.298374 0.158904 -0.00176003
6.9 2.7 0.285006 0.182035 -0.00481987
7.5 2.7 0.265379 0.20252 -0.000102966
8.1 2.7 0.243049 0.22168 -0.0040187
8.7 2.7 0.216016 0.23682 -6.46666e-005
9.3 2.7 0.187227 0.250132 -0.00116896
9.9 2.7 0.156102 0.260576 -0.00074
10.5 2.7 0.123156 0.268297 -1.88481e-005
11.1 2.7 0.0887266 0.272851 0
11.7 2.7 0.0534642 0.273886 0
12.3 2.7 0.0183519 0.271046 0
12.9 2.7 -0.0152842 0.264355 0
13.5 2.7 -0.0460036 0.254407 0
14.1 2.7 -0.0872801 0.237435 0
14.7 2.7 -0.124528 0.225608 0
15.3 2.7 -0.149211 0.214816 0
15.9 2.7 -0.175564 0.206026 0
16.5 2.7 -0.207026 0.199533 0
17.1 2.7 -0.248174 0.195091 0
17.7 2.7 -0.305223 0.192173 0
18.3 2.7 -0.387023 0.190204 0
18.9 2.7 -0.506654 0.188704 0
0.3 3.3 -0.00708847 -0.0162384 -0.343241
0.9 3.3 0.510881 0.028006 -0.000167334
1.5 3.3 0.428775 0.017445 -0.000193653
2.1 3.3 0.381393 0.00841306 0
2.7 3.3 0.358573 0.00288856 3.27845e-008
3.3 3.3 0.352277 0.00315045 0.00100485
3.9 3.3 0.356115 0.0111633 0.000338058
4.5 3.3 0.363425 0.0276212 0.00104535
5.1 3.3 0.335496 0.0577523 0.00543023
5.7 3.3 0.33699 0.0866964 0.00355781
6.3 3.3 0.328212 0.116256 0.00251189
6.9 3.3 0.312456 0.144346 0.00598623
7.5 3.3 0.29111 0.169561 -0.00457382
8.1 3.3 0.264833 0.19119 -0.0100026
8.7 3.3 0.233613 0.208036 -0.0034113
9.3 3.3 0.201563 0.223645 -0.0290258
9.9 3.3 0.166508 0.235418 -0.0304905
10.5 3.3 0.128414 0.242922 -0.0296225
11.1 3.3 0.087933 0.244411 0
11.7 3.3 0.0475004 0.244381 0
12.3 3.3 0.00706764 0.239295 0
12.9 3.3 -0.0314532 0.228904 0
13.5 3.3 -0.0657951 0.213942 0
14.1 3.3 -0.09406 0.196344 0
14.7 3.3 -0.14623 0.173395 0
15.3 3.3 -0.168486 0.159245 0
15.9 3.3 -0.19168 0.149 0
16.5 3.3 -0.220066 0.14276 0
17.1 3.3 -0.258689 0.139739 0
17.7 3.3 -0.313883 0.138844 0
18.3 3.3 -0.394414 0.139076 0
18.9 3.3 -0.513207 0.139699 0
0.3 3.9 0.297949 -0.0100923 -0.415054
0.9 3.9 0.554147 -0.0152713 -0.170285
1.5 3.9 0.424244 -0.0308711 -0.000325676
2.1 3.9 0.379169 -0.0456288 -0.000185115
2.7 3.9 0.361399 -0.0566702 2.33294e-005
3.3 3.9 0.362847 -0.0602105 0.00131587
3.9 3.9 0.376028 -0.0525327 0.00124403
4.5 3.9 0.377773 -0.0247597 0.00142407
5.1 3.9 0.371112 0.00800352 0.00365328
5.7 3.9 0.372572 0.0462163 0.00543477
6.3 3.9 0.362809 0.0843097 0.00462523
6.9 3.9 0.342056 0.118043 0.0074879
7.5 3.9 0.313171 0.145716 0.0141615
8.1 3.9 0.284428 0.169933 0.00214132
8.7 3.9 0.250991 0.189232 0.00403751
9.3 3.9 0.213596 0.204069 -0.00399465
9.9 3.9 0.175292 0.217232 -0.0248997
10.5 3.9 0.136876 0.234578 -0.113905
11.1 3.9 0.0893117 0.235551 -0.100644
11.7 3.9 0.0399498 0.225714 0
12.3 3.9 -0.00723953 0.218117 0
12.9 3.9 -0.0524333 0.203364 -0.0072585
13.5 3.9 -0.0914479 0.180657 0
14.1 3.9 -0.121353 0.154544 0
14.7 3.9 -0.172255 0.12283 0
15.3 3.9 -0.18811 0.103378 0.0243931
15.9 3.9 -0.207842 0.0925856 0
16.5 3.9 -0.231742 0.0876906 0
17.1 3.9 -0.267167 0.0874803 0
17.7 3.9 -0.320364 0.0899011 0
18.3 3.9 -0.39977 0.0933768 0
18.9 3.9 -0.517978 0.0969062 0
0.3 4.5 -0.00153663 0.00314011 -0.40541
0.9 4.5 0.362954 -0.0439359 -0.434954
1.5 4.5 0.413653 -0.0746859 -0.00029242
2.1 4.5 0.369935 -0.0970705 -0.000170788
2.7 4.5 0.356909 -0.116496 -8.9901e-005
3.3 4.5 0.367629 -0.126681 0.000306795
3.9 4.5 0.394712 -0.120581 0.00444981
4.5 4.5 0.411598 -0.0853206 0.00507242
5.1 4.5 0.417741 -0.0391994 0.00356713
5.7 4.5 0.422428 0.0145043 0.00601258
6.3 4.5 0.406974 0.0644089 0.00591394
6.9 4.5 0.375539 0.104229 0.0170604
7.5 4.5 0.339003 0.13449 0.0188857
8.1 4.5 0.301614 0.1577 0.0196167
8.7 4.5 0.262753 0.17562 0.0180472
9.3 4.5 0.2259 0.192992 0.00306609
9.9 4.5 0.184577 0.207474 0.00138101
10.5 4.5 0.134769 0.21118 -0.00381275
11.1 4.5 0.0847931 0.223226 -0.0254371
11.7 4.5 0.0315431 0.231768 -0.0358973
12.3 4.5 -0.0240746 0.206403 0
12.9 4.5 -0.0785978 0.186106 -0.00995118
13.5 4.5 -0.124439 0.152643 0
14.1 4.5 -0.156097 0.113139 0
14.7 4.5 -0.188965 0.0761175 0
15.3 4.5 -0.20753 0.0430571 0.0460759
15.9 4.5 -0.221639 0.031659 0
16.5 4.5 -0.239531 0.0302953 0
17.1 4.5 -0.271509 0.0350989 0
17.7 4.5 -0.323113 0.0425644 0
18.3 4.5 -0.402006 0.0504922 0
18.9 4.5 -0.520226 0.0577318 0
0.3 5.1 0.331554 -0.0354709 -0.349233
0.9 5.1 1.47774 -0.255837 -0.649011
1.5 5.1 0.394951 -0.128447 -0.0011331
2.1 5.1 0.349654 -0.159922 -0.000222372
2.7 5.1 0.339118 -0.191426 0.000728028
3.3 5.1 0.361347 -0.214121 0.000849308
3.9 5.1 0.409256 -0.213218 0.00431093
4.5 5.1 0.452626 -0.167741 0.00292525
5.1 5.1 0.475721 -0.0983318 0.00578029
5.7 5.1 0.48392 -0.0201033 0.00617371
6.3 5.1 0.459325 0.0456085 0.0108016
6.9 5.1 0.419238 0.0925894 0.00766778
7.5 5.1 0.368811 0.122289 0.0191835
8.1 5.1 0.31704 0.140518 0.0261388
8.7 5.1 0.275656 0.156536 0.0255749
9.3 5.1 0.23006 0.167992 0.0428534
9.9 5.1 0.191698 0.185473 -0.00271082
10.5 5.1 0.139743 0.192831 0.0242732
11.1 5.1 0.0898961 0.213478 -0.0946898
11.7 5.1 0.02471 0.226728 -0.0934481
12.3 5.1 -0.0420996 0.189965 -0.125072
12.9 5.1 -0.124826 0.185059 -0.149291
13.5 5.1 -0.176735 0.125794 -0.0900196
14.1 5.1 -0.200404 0.0549387 0
14.7 5.1 -0.223327 -0.00169256 0
15.3 5.1 -0.223783 -0.0413473 0.0358368
15.9 5.1 -0.228136 -0.0522945 0
16.5 5.1 -0.239277 -0.0460574 0
17.1 5.1 -0.268833 -0.0331114 0
17.7 5.1 -0.320315 -0.018638 0
18.3 5.1 -0.400021 -0.00513429 0
18.9 5.1 -0.519281 0.00643715 0
0.3 5.7 0.355426 -0.0521722 -0.231437
0.9 5.7 -0.0209422 -0.0169065 -0.103012
1.5 5.7 0.267229 -0.113476 -0.117258
2.1 5.7 0.331492 -0.205753 -0.0791551
2.7 5.7 0.312219 -0.253131 -0.0396406
3.3 5.7 0.33277 -0.286968 0.00297604
3.9 5.7 0.338645 -0.247874 0.00434635
4.5 5.7 0.498109 -0.243528 0.00377595
5.1 5.7 0.552718 -0.129714 0.00260541
5.7 5.7 0.558579 -0.0113663 0.00170749
6.3 5.7 0.515898 0.0710256 0.00557526
6.9 5.7 0.45772 0.118057 0.00469768
7.5 5.7 0.396262 0.142064 0.00703695
8.1 5.7 0.342182 0.156256 0.00818053
8.7 5.7 0.286783 0.162762 0.0329424
9.3 5.7 0.238818 0.171029 0.0464098
9.9 5.7 0.185626 0.173169 0.05781
10.5 5.7 0.140497 0.188336 0.0361681
11.1 5.7 0.0899269 0.207536 -0.00960477
11.7 5.7 0.0217549 0.217093 -0.0160396
12.3 5.7 -0.172109 0.462094 -0.115268
12.9 5.7 -0.273807 0.306206 -0.252858
13.5 5.7 -0.233495 0.119899 -0.394025
14.1 5.7 -0.173738 0.0161847 -0.14723
14.7 5.7 -0.258068 -0.07862 0
15.3 5.7 -0.230414 -0.124992 0.0382572
15.9 5.7 -0.218011 -0.126414 0
16.5 5.7 -0.22504 -0.106055 0
17.1 5.7 -0.255944 -0.0815356 0
17.7 5.7 -0.310377 -0.058577 0
18.3 5.7 -0.393039 -0.0389646 0
18.9 5.7 -0.514757 -0.0229248 0
0.3 6.3 0.494177 -0.0796875 -0.3168
0.9 6.3 0.437739 -0.12271 -0.0178733
1.5 6.3 0.343587 -0.17432 -0.0214963
2.1 6.3 0.279355 -0.229121 0.000249965
2.7 6.3 0.239061 -0.285145 -0.00614134
3.3 6.3 0.194222 -0.269096 0.00209396
3.9 6.3 0.175314 -0.189851 0.00465451
4.5 6.3 0.541535 -0.344206 0.00480131
5.1 6.3 0.660938 -0.12923 0.00235099
5.7 6.3 0.415671 0.0358867 -0.0397009
6.3 6.3 0.556086 0.131425 0.00315795
6.9 6.3 0.477589 0.161565 0.00761591
7.5 6.3 0.412408 0.171813 0
8.1 6.3 0.35259 0.173308 0.00612899
8.7 6.3 0.300473 0.174385 0.0141389
9.3 6.3 0.239918 0.169644 0.0394566
9.9 6.3 0.200974 0.180814 0.0238238
10.5 6.3 0.14337 0.178293 0.0419087
11.1 6.3 0.0953207 0.197215 0.0582447
11.7 6.3 0.0328832 0.219448 0.0151119
12.3 6.3 -0.0302999 0.180827 -0.00493312
12.9 6.3 -0.080677 0.14627 -0.112269
13.5 6.3 0.0105262 0.00968067 -0.235424
14.1 6.3 -0.283693 -0.0186585 -0.0855394
14.7 6.3 -0.227723 -0.153186 -0.566887
15.3 6.3 -0.172528 -0.195436 -0.0576461
15.9 6.3 -0.176717 -0.205231 0
16.5 6.3 -0.190904 -0.164169 0
17.1 6.3 -0.230903 -0.126807 0
17.7 6.3 -0.292857 -0.0957705 0
18.3 6.3 -0.381096 -0.0707794 0
18.9 6.3 -0.552667 -0.0572078 0.3
0.3 6.9 -0.00767736 0.000849887 -0.000832168
0.9 6.9 0.41575 -0.135336 -0.035579
1.5 6.9 0.299387 -0.172975 -0.00338783
2.1 6.9 0.204038 -0.21255 -0.00414804
2.7 6.9 0.146786 -0.282962 0.000625203
3.3 6.9 0.114836 -0.376527 0.00223182
3.9 6.9 0.023862 -0.0475606 0.00168249
4.5 6.9 0.114005 -0.0984059 -0.0515656
5.1 6.9 0.191326 0.00863364 -0.432352
5.7 6.9 0.437222 0.142864 -0.0742818
6.3 6.9 0.550325 0.228908 0
6.9 6.9 0.468797 0.218218 0
7.5 6.9 0.404455 0.202572 0
8.1 6.9 0.349774 0.18901 0.00351025
8.7 6.9 0.298998 0.178675 0.0133226
9.3 6.9 0.25076 0.17366 0.0199192
9.9 6.9 0.108857 0.087033 0.0300258
10.5 6.9 0.0847094 0.0837904 0.0313853
11.1 6.9 0.0593986 0.0865286 0.0364998
11.7 6.9 0.038885 0.10614 0.0470888
12.3 6.9 -0.00426452 0.205254 0.092874
12.9 6.9 0.00839085 0.0604857 -0.120612
13.5 6.9 0.0148953 0.0167271 0.00117355
14.1 6.9 -0.0505245 0.00556076 -0.126826
14.7 6.9 -0.122733 -0.235711 -0.0779251
15.3 6.9 -0.0835025 -0.335241 0
15.9 6.9 -0.0915976 -0.258078 0.4377
16.5 6.9 -0.137075 -0.206827 0
17.1 6.9 -0.19571 -0.161709 0
17.7 6.9 -0.269516 -0.126228 0
18.3 6.9 -0.365435 -0.098234 0
18.9 6.9 -0.496216 -0.0760953 0
0.3 7.5 0.299081 -0.0420327 -0.00195147
0.9 7.5 0.390716 -0.127537 -0.0389253
1.5 7.5 0.260346 -0.154491 -0.0018757
2.1 7.5 0.157464 -0.188994 0
2.7 7.5 0.0629052 -0.229541 6.96276e-005
3.3 7.5 -0.016628 -0.130918 1.37248e-005
3.9 7.5 -0.137837 -0.231573 -0.00705172
4.5 7.5 -0.396946 0.010901 0
5.1 7.5 0.410284 0.452912 -0.1029
5.7 7.5 0.538382 0.421224 -0.0425383
6.3 7.5 0.470699 0.321463 0
6.9 7.5 0.421383 0.265063 0
7.5 7.5 0.375683 0.225102 0
8.1 7.5 0.334078 0.197687 0
8.7 7.5 0.293524 0.179294 0.016816
9.3 7.5 0.258254 0.172659 0.0039043
9.9 7.5 0.242931 0.188685 0.0247896
10.5 7.5 0.180436 0.179579 0.0320868
11.1 7.5 0.141095 0.197457 0.0271391
11.7 7.5 0.0628708 0.124386 0.0640692
12.3 7.5 0.0333001 0.0910559 0.0730752
12.9 7.5 0.0176564 0.16046 0.0375639
13.5 7.5 0.0126934 0.0413672 0.141307
14.1 7.5 0.00287786 -0.00408405 -0.675155
14.7 7.5 0.249211 -0.280606 0.933935
15.3 7.5 0.0861567 -0.241109 0.438154
15.9 7.5 0.00273984 -0.40972 0.813352
16.5 7.5 -0.116275 -0.303479 0.75987
17.1 7.5 -0.161771 -0.185016 0.381
17.7 7.5 -0.266158 -0.159124 0.3
18.3 7.5 -0.357072 -0.122117 0.381
18.9 7.5 -0.527948 -0.105765 0.3
0.3 8.1 0.00536834 0.0171631 -0.998384
0.9 8.1 0.17138 -0.0606012 -0.0378747
1.5 8.1 0.24039 -0.129115 0
2.1 8.1 0.129663 -0.144586 -0.00145888
2.7 8.1 0.0237009 -0.15089 -0.00241163
3.3 8.1 -0.0880092 -0.127995 0
3.9 8.1 -0.209129 -0.00569328 -0.000891524
4.5 8.1 -0.18764 0.293463 -0.000319059
5.1 8.1 0.109135 0.505084 -0.0377994
5.7 8.1 0.309191 0.450655 -0.0561503
6.3 8.1 0.352491 0.349366 0.00115715
6.9 8.1 0.351842 0.279604 0
7.5 8.1 0.333181 0.228956 0
8.1 8.1 0.308335 0.193691 5.89672e-007
8.7 8.1 0.281416 0.170801 0.00199628
9.3 8.1 0.253704 0.158706 0.000229561
9.9 8.1 0.224663 0.15554 0.0122877
10.5 8.1 0.194038 0.160296 0.0296765
11.1 8.1 0.165592 0.1755 0.0324491
11.7 8.1 0.138553 0.198823 0.0445008
12.3 8.1 0.119382 0.230467 0.061891
12.9 8.1 0.0499656 0.0791621 0.0894007
13.5 8.1 0.0673136 0.0932237 0.0768586
14.1 8.1 0.00760305 -0.00340535 -0.45086
14.7 8.1 -0.0131528 -0.0251208 0.44086
15.3 8.1 0.976055 -0.951772 0.680989
15.9 8.1 0.437234 -1.43395 1.14082
16.5 8.1 -0.25153 -1.44694 0.542765
17.1 8.1 -0.757139 -0.994231 0.799702
17.7 8.1 -1.23966 -0.80454 1.18941
18.3 8.1 -1.32151 -0.461795 0.721817
18.9 8.1 -1.36805 -0.276731 1.18416
0.3 8.7 0.535141 -0.0871456 0
0.9 8.7 0.366053 -0.0960333 0
1.5 8.7 0.2361 -0.102038 0
2.1 8.7 0.1281 -0.100781 -0.000940324
2.7 8.7 0.0310784 -0.0825896 -0.000879011
3.3 8.7 -0.0549019 -0.0306833 -0.00039687
3.9 8.7 -0.11659 0.0912952 -0.000237839
4.5 8.7 -0.0795294 0.251374 0
5.1 8.7 0.0439433 0.360581 0.000531078
5.7 8.7 0.181813 0.362927 0
6.3 8.7 0.256989 0.313617 9.94536e-005
6.9 8.7 0.285406 0.258202 0
7.5 8.7 0.288612 0.211384 0
8.1 8.7 0.279275 0.175886 0
8.7 8.7 0.263795 0.151233 0.000348776
9.3 8.7 0.245474 0.136498 6.83517e-006
9.9 8.7 0.225971 0.130835 0.000559268
10.5 8.7 0.204882 0.132719 0.0168531
11.1 8.7 0.184788 0.141508 0.0429131
11.7 8.7 0.170466 0.156898 0.0339018
12.3 8.7 0.170685 0.179566 0.0208753
12.9 8.7 0.188377 0.194505 0.0393948
13.5 8.7 0.0746187 0.0575961 0.2088
14.1 8.7 0.0428868 0.0158891 -0.413482
14.7 8.7 -0.00257228 -0.0145024 -0.0716887
15.3 8.7 -0.010224 -0.0250487 0.445993
15.9 8.7 0.00637108 -0.0412638 0.559627
16.5 8.7 -0.00282526 -0.0769901 0.625198
17.1 8.7 -0.0263859 -0.0625301 0.410927
17.7 8.7 -0.0343903 -0.0464887 0.474752
18.3 8.7 -0.0986553 -0.0621906 0.40391
18.9 8.7 -0.0625354 -0.0393968 0.71436
0.3 9.3 0.536572 -0.0792373 0
0.9 9.3 -0.02914 0.00186 -1
1.5 9.3 0.156491 -0.0522187 -2.06834e-009
2.1 9.3 0.146136 -0.0692457 -0.000663733
2.7 9.3 0.0637298 -0.0415615 -0.00100903
3.3 9.3 0.00283779 0.00977746 -0.0037823
3.9 9.3 -0.0235621 0.0882607 0
4.5 9.3 -0.00740213 0.193213 0
5.1 9.3 0.0503251 0.257833 0
5.7 9.3 0.137174 0.272434 0
6.3 9.3 0.200773 0.250311 0
6.9 9.3 0.236259 0.214005 0
7.5 9.3 0.250716 0.177451 0
8.1 9.3 0.251918 0.146541 0
8.7 9.3 0.245388 0.123121 0
9.3 9.3 0.23463 0.107407 0.00027127
9.9 9.3 0.221955 0.0990413 0.0013816
10.5 9.3 0.209379 0.0974767 0.000204831
11.1 9.3 0.198003 0.101433 0.00854662
11.7 9.3 0.18604 0.106569 0.024329
12.3 9.3 0.189713 0.113684 0.044766
12.9 9.3 0.197723 0.108203 0.0674755
13.5 9.3 0.222626 0.0841665 0.056311
14.1 9.3 0.0607261 0.022413 0.142841
14.7 9.3 0.0114268 -0.0048852 0.181806
15.3 9.3 -0.0135196 -0.0211869 0.500009
15.9 9.3 0.00759731 -0.0582107 0.487262
16.5 9.3 -0.00399183 -0.0789694 0.52389
17.1 9.3 -0.0341062 -0.0798054 0.376475
17.7 9.3 -0.0981275 -0.0937655 0.417587
18.3 9.3 -0.1979 -0.106551 0.369808
18.9 9.3 -0.10462 -0.0527137 0.452199
0.3 9.9 0.244047 -0.0359853 -0.7599
0.9 9.9 0.313965 -0.0746072 -0.07203
1.5 9.9 0.260358 -0.0866531 0
2.1 9.9 0.17031 -0.0719853 -0.000603229
2.7 9.9 0.102444 -0.0453678 -0.000248157
3.3 9.9 0.0570604 -0.00433766 0
3.9 9.9 0.0396386 0.048629 0
4.5 9.9 0.045599 0.117779 0
5.1 9.9 0.071316 0.158227 0
5.7 9.9 0.126404 0.172276 0
6.3 9.9 0.173219 0.163048 0
6.9 9.9 0.205023 0.140666 0
7.5 9.9 0.22244 0.114248 0
8.1 9.9 0.228911 0.0893563 0
8.7 9.9 0.227997 0.0686843 0
9.3 9.9 0.22257 0.0532317 0
9.9 9.9 0.214855 0.0430808 0
10.5 9.9 0.206326 0.037708 0.00538722
11.1 9.9 0.199401 0.035983 0.00760675
11.7 9.9 0.191103 0.0356085 0.0429732
12.3 9.9 0.193895 0.0331387 0.0145442
12.9 9.9 0.191681 0.0233162 0.0755871
13.5 9.9 0.189156 0.00174814 0.0864334
14.1 9.9 0.191521 -0.0374719 0.131811
14.7 9.9 0.058761 -0.0318343 0.0904961
15.3 9.9 -0.013149 -0.0273645 0.243673
15.9 9.9 -0.00441669 -0.051725 0.106005
16.5 9.9 -0.0100819 -0.071075 0.491145
17.1 9.9 0.016985 -0.00571417 0.399121
17.7 9.9 0.0213729 -0.00264524 0.405935
18.3 9.9 0.0236855 -0.00529422 0.126508
18.9 9.9 -0.144492 -0.0731427 0.405311
0.3 10.5 0.550555 -0.102224 0
0.9 10.5 0.392144 -0.0990202 0
1.5 10.5 0.279075 -0.0912118 0
2.1 10.5 0.197064 -0.0769838 0
2.7 10.5 0.138709 -0.0548108 0
3.3 10.5 0.101735 -0.0246502 0
3.9 10.5 0.0867058 0.0103938 0
4.5 10.5 0.0855795 0.05862 0
5.1 10.5 0.0934326 0.0846044 0
5.7 10.5 0.128957 0.0953899 0
6.3 10.5 0.161789 0.0914965 0
6.9 10.5 0.186837 0.077494 0
7.5 10.5 0.2028 0.0587056 0
8.1 10.5 0.210719 0.0392434 0
8.7 10.5 0.212493 0.0216211 0
9.3 10.5 0.210067 0.0070693 0
9.9 10.5 0.205168 -0.00408034 0
10.5 10.5 0.198341 -0.0120375 0.0108808
11.1 10.5 0.191579 -0.017668 0.0232491
11.7 10.5 0.184986 -0.0224667 0.0348018
12.3 10.5 0.181662 -0.0299141 0.0127001
12.9 10.5 0.176366 -0.0418425 0.0361823
13.5 10.5 0.168908 -0.0590372 0.0777333
14.1 10.5 0.157175 -0.0869727 0.10995
14.7 10.5 0.0979189 -0.11187 0.169053
15.3 10.5 0.0135006 -0.0492901 0.279179
15.9 10.5 -0.00335797 -0.0177117 0.317923
16.5 10.5 -0.00940885 -0.0363588 0.128888
17.1 10.5 -0.0611313 -0.124016 0.226037
17.7 10.5 -0.167591 -0.177101 0.0825942
18.3 10.5 -0.281909 -0.184137 0.142577
18.9 10.5 -0.178818 -0.088227 0.120556
0.3 11.1 0.559831 -0.118764 0
0.9 11.1 0.405436 -0.114974 0
1.5 11.1 0.297501 -0.10755 0
2.1 11.1 0.221537 -0.0955761 0
2.7 11.1 0.169288 -0.0786394 -1.17997e-009
3.3 11.1 0.136659 -0.0574837 0
3.9 11.1 0.121681 -0.0346219 0
4.5 11.1 0.115858 0.00033018 0
5.1 11.1 0.112842 0.017048 0
5.7 11.1 0.135902 0.0244436 0
6.3 11.1 0.158326 0.0223841 0
6.9 11.1 0.176693 0.012994 0
7.5 11.1 0.189461 -0.000719212 0
8.1 11.1 0.196616 -0.016014 0
8.7 11.1 0.198994 -0.0309268 0
9.3 11.1 0.197746 -0.0443241 0
9.9 11.1 0.194037 -0.0557818 0
10.5 11.1 0.203141 -0.0735374 -0.2187
11.1 11.1 0.183194 -0.0740701 0.000586785
11.7 11.1 0.174831 -0.0808518 0.0368549
12.3 11.1 0.174864 -0.095985 -0.0996582
12.9 11.1 0.164124 -0.106815 -0.0226709
13.5 11.1 0.146143 -0.114192 -0.00612279
14.1 11.1 0.119034 -0.118786 0.0862428
14.7 11.1 0.0733937 -0.130938 0.154691
15.3 11.1 0.0389113 -0.132337 0.226559
15.9 11.1 0.00586509 -0.0762203 0.252408
16.5 11.1 -0.00305231 -0.0413093 0.154043
17.1 11.1 -0.0501733 -0.107909 0.0870829
17.7 11.1 -0.185291 -0.210438 0.115083
18.3 11.1 -0.203151 -0.15695 -0.0793026
18.9 11.1 -0.290615 -0.148494 -0.0073027
0.3 11.7 0.568949 -0.146216 0
0.9 11.7 0.348243 -0.114777 -3.77678e-009
1.5 11.7 0.347295 -0.151535 -5.2478e-031
2.1 11.7 0.281992 -0.14764 -0.37179
2.7 11.7 0.193756 -0.11528 0
3.3 11.7 0.163281 -0.101028 0
3.9 11.7 0.147557 -0.0864882 0
4.5 11.7 0.143884 -0.0742343 0
5.1 11.7 0.128591 -0.0500303 0
5.7 11.7 0.143404 -0.0455404 0
6.3 11.7 0.158278 -0.0473073 0
6.9 11.7 0.170975 -0.0543132 0
7.5 11.7 0.18019 -0.0648635 0
8.1 11.7 0.185533 -0.0772111 0
8.7 11.7 0.187261 -0.0899502 0
9.3 11.7 0.185962 -0.102165 0
9.9 11.7 0.182336 -0.113433 0
10.5 11.7 0.193138 -0.138949 -0.1701
11.1 11.7 0.170555 -0.133611 0
11.7 11.7 0.163128 -0.143657 0
12.3 11.7 0.151677 -0.151055 0.0356053
12.9 11.7 0.144249 -0.168565 -0.0246561
13.5 11.7 0.134527 -0.191688 0.021705
14.1 11.7 0.109597 -0.189668 0.0268535
14.7 11.7 0.0631114 -0.198616 0.134072
15.3 11.7 0.0321527 -0.206411 0.211914
15.9 11.7 -0.00647676 -0.218954 0.0975759
16.5 11.7 -0.0500179 -0.215309 0.0758084
17.1 11.7 -0.113816 -0.226285 0.0833615
17.7 11.7 -0.248018 -0.303856 -0.380903
18.3 11.7 -0.237078 -0.197259 -0.322494
18.9 11.7 -0.387968 -0.214499 -3.54783e-153
0.3 12.3 0.57717 -0.188256 0
0.9 12.3 0.275293 -0.113501 -1.23096e-030
1.5 12.3 0.327739 -0.181056 0
2.1 12.3 0.258878 -0.174575 0
2.7 12.3 0.212679 -0.166406 0
3.3 12.3 0.183186 -0.157294 0
3.9 12.3 0.166503 -0.148508 0
4.5 12.3 0.15966 -0.141659 0
5.1 12.3 0.140713 -0.122781 0
5.7 12.3 0.149878 -0.120631 0
6.3 12.3 0.159268 -0.122734 0
6.9 12.3 0.167414 -0.128591 0
7.5 12.3 0.173315 -0.137237 0
8.1 12.3 0.176506 -0.147578 0
8.7 12.3 0.176952 -0.158649 0
9.3 12.3 0.181571 -0.178111 -0.11581
9.9 12.3 0.17071 -0.180516 0
10.5 12.3 0.188043 -0.224703 -0.064827
11.1 12.3 0.157286 -0.200972 0
11.7 12.3 0.148406 -0.211221 0
12.3 12.3 0.137952 -0.222036 0
12.9 12.3 0.125406 -0.233504 0.00273692
13.5 12.3 0.11034 -0.245903 0.00341964
14.1 12.3 0.120964 -0.403984 -0.332169
14.7 12.3 0.048996 -0.283013 0.000252283
15.3 12.3 0.0161704 -0.291774 7.17992e-050
15.9 12.3 -0.0243224 -0.293511 0.00665412
16.5 12.3 -0.0728594 -0.29863 0.0120382
17.1 12.3 -0.127573 -0.289542 0.0884236
17.7 12.3 -0.208603 -0.300002 0
18.3 12.3 -0.306873 -0.295401 0
18.9 12.3 0.0138118 0.00215 -7.57626e-153
0.3 12.9 -0.02108 0.02356 -1
0.9 12.9 0.43772 -0.249088 0
1.5 12.9 0.338739 -0.246164 0
2.1 12.9 0.271761 -0.242047 0
2.7 12.9 0.22689 -0.237029 0
3.3 12.9 0.197758 -0.231701 0
3.9 12.9 0.147767 -0.181019 -1.97137e-005
4.5 12.9 0.141657 -0.179933 -0.000488524
5.1 12.9 0.153046 -0.223173 0
5.7 12.9 0.154766 -0.208721 0
6.3 12.9 0.160131 -0.211365 0
6.9 12.9 -0.00248 0.03658 -1
7.5 12.9 0.16774 -0.224237 0
8.1 12.9 0.16881 -0.23322 0
8.7 12.9 0.167757 -0.243019 0
9.3 12.9 0.164628 -0.253121 0
9.9 12.9 0.166551 -0.277646 -0.0900741
10.5 12.9 0.152781 -0.273135 0
11.1 12.9 -0.003536 0.032682 -0.117649
11.7 12.9 0.134362 -0.292782 0
12.3 12.9 0.122658 -0.302793 0
12.9 12.9 0.109028 -0.313052 0
13.5 12.9 0.0931907 -0.323437 0
14.1 12.9 0.0715986 -0.3464 0
14.7 12.9 0.00972682 0.0187125 -0.575255
15.3 12.9 0.00154479 -0.359293 0
15.9 12.9 -0.0364342 -0.363383 0
16.5 12.9 -0.0823192 -0.36527 0
17.1 12.9 -0.151165 -0.392335 -0.200689
17.7 12.9 -0.22286 -0.380501 -1.80354e-195
18.3 12.9 -0.248631 -0.297523 0.0121876
18.9 12.9 0.00832001 0.02176 -1
0.3 13.5 0.589598 -0.343086 0
0.9 13.5 0.444679 -0.342402 0
1.5 13.5 0.347128 -0.340929 0
2.1 13.5 0.281356 -0.338769 0
2.7 13.5 0.237228 -0.336187 0
3.3 13.5 0.208125 -0.33363 0
3.9 13.5 0.00809001 0.0278405 -0.999934
4.5 13.5 0.178626 -0.331071 0
5.1 13.5 0.0197887 0.0344525 -0.998372
5.7 13.5 0.160478 -0.33602 0
6.3 13.5 0.160359 -0.323946 0
6.9 13.5 0.162147 -0.329124 0
7.5 13.5 0.162804 -0.335953 0
8.1 13.5 0.161963 -0.343996 0
8.7 13.5 0.159431 -0.35281 0
9.3 13.5 0.155156 -0.362018 0
9.9 13.5 0.149171 -0.371347 0
10.5 13.5 0.152151 -0.417233 -0.0700577
11.1 13.5 0.082336 -0.202798 -0.400331
11.7 13.5 0.0758201 -0.203959 -0.1701
12.3 13.5 0.0795244 -0.267713 -0.19551
12.9 13.5 0.0263791 0.00460466 -0.343
13.5 13.5 0.0631782 -0.304815 -0.223499
14.1 13.5 0.0652014 -0.489783 -0.119362
14.7 13.5 0.0221249 -0.49528 -0.0641895
15.3 13.5 0.0129223 0.0197543 -8.8519e-007
15.9 13.5 -0.0193621 -0.289225 -1.35238e-006
16.5 13.5 0.0266592 0.0117769 -0.999997
17.1 13.5 -0.143121 -0.456028 0
17.7 13.5 -0.237268 -0.500687 -2.00393e-195
18.3 13.5 0.02604 0.01426 -1
18.9 13.5 -0.437979 -0.443488 0
