0.3 0.3 0.545466 0.584843 0
0.9 0.3 0.39674 0.589557 0
1.5 0.3 0.294084 0.594305 0
2.1 0.3 0.22142 0.599073 0
2.7 0.3 0.168111 0.603811 0
3.3 0.3 0.127128 0.608422 0
3.9 0.3 0.0938454 0.612745 0
4.5 0.3 0.0652722 0.616566 0
5.1 0.3 0.0249602 0.619639 0
5.7 0.3 0.0059397 0.621719 0
6.3 0.3 -0.0135639 0.622606 0
6.9 0.3 -0.0507178 0.622545 0
7.5 0.3 -0.0540427 0.398577 -0.0354383
8.1 0.3 -0.0616087 0.326534 -0.0511746
8.7 0.3 -0.0673138 0.289814 -0.159555
9.3 0.3 -0.0677771 0.240398 -0.181154
9.9 0.3 -0.0384739 0.0597752 -0.214729
10.5 0.3 -0.0279 -0.00620002 -1.19326
11.1 0.3 -0.0311096 0.0210949 -0.17393
11.7 0.3 -0.0268239 0.00192745 -0.156537
12.3 0.3 -0.02048 -0.000639984 -1.14088
12.9 0.3 -0.0112419 -0.000167691 -0.126795
13.5 0.3 -0.0743347 0.241034 -0.114115
14.1 0.3 -0.0174387 -0.0130427 -0.490955
14.7 0.3 -0.0275028 -0.0663457 -0.210671
15.3 0.3 -0.546413 1.01 -0.543624
15.9 0.3 -0.04094 0.0234871 -0.583836
16.5 0.3 -0.01674 -0.00557998 -1.52545
17.1 0.3 -0.00422914 -0.0717264 -0.472907
17.7 0.3 -0.887947 1.19695 -0.425616
18.3 0.3 -0.449411 0.485142 0
18.9 0.3 -0.560583 0.484665 0
0.3 0.9 0.55393 0.433975 0
0.9 0.9 0.405667 0.438478 0
1.5 0.9 0.303474 0.443164 0
2.1 0.9 0.231233 0.448075 0
2.7 0.9 0.178242 0.45321 0
3.3 0.9 0.137387 0.458491 0
3.9 0.9 0.103955 0.46374 0
4.5 0.9 0.0748763 0.468672 0
5.1 0.9 0.0336705 0.472928 0
5.7 0.9 0.013396 0.476193 -0.000234226
6.3 0.9 -0.0247797 0.479999 -0.00122239
6.9 0.9 -0.0493877 0.481966 -0.00578476
7.5 0.9 -0.0741563 0.480181 -0.00682136
8.1 0.9 -0.100265 0.486268 -0.0205805
8.7 0.9 -0.12421 0.479609 -0.0205338
9.3 0.9 -0.150138 0.483705 -0.0199924
9.9 0.9 -0.175541 0.485213 -0.0168201
10.5 0.9 -0.191914 0.462922 -0.0158699
11.1 0.9 -0.174827 0.368034 -0.0953552
11.7 0.9 -0.0418181 -0.0303686 -0.102685
12.3 0.9 -0.45891 0.877287 -0.417363
12.9 0.9 -0.628002 1.09619 -0.0603581
13.5 0.9 -0.165959 0.240085 -0.139481
14.1 0.9 -0.674419 1.05052 -0.275741
14.7 0.9 -0.374326 0.532819 -0.243659
15.3 0.9 -0.00150001 -0.0108 -1.1896
15.9 0.9 -0.097991 0.0845717 -0.437242
16.5 0.9 -0.0675303 0.0411119 -0.357053
17.1 0.9 -0.413858 0.409357 -0.548676
17.7 0.9 -0.307253 0.268092 -4.04141e-016
18.3 0.9 0.00101664 -0.0118748 -0.652547
18.9 0.9 -0.563951 0.33207 0
0.3 1.5 0.562603 0.327748 0
0.9 1.5 0.414997 0.331763 0
1.5 1.5 0.313529 0.336137 0
2.1 1.5 0.242039 0.341008 0
2.7 1.5 0.189742 0.346471 0
3.3 1.5 0.149396 0.35251 0
3.9 1.5 0.116134 0.358941 0
4.5 1.5 0.0867478 0.365387 0
5.1 1.5 0.0447667 0.371871 -0.0038737
5.7 1.5 0.00695995 0.380888 -0.00754056
6.3 1.5 -0.0192663 0.386427 -0.0153211
6.9 1.5 -0.0471324 0.393039 -0.0293321
7.5 1.5 -0.0770436 0.403086 -0.0277734
8.1 1.5 -0.104525 0.393652 -0.0252923
8.7 1.5 -0.134305 0.395487 -0.0225147
9.3 1.5 -0.158692 0.38059 -0.0192223
9.9 1.5 -0.181851 0.366966 -0.0181864
10.5 1.5 -0.204356 0.355571 -0.0140311
11.1 1.5 -0.221378 0.337244 -0.0119253
11.7 1.5 -0.237776 0.321962 -0.011546
12.3 1.5 -0.256488 0.315864 -0.019411
12.9 1.5 -0.278259 0.315668 -0.0148579
13.5 1.5 -0.31304 0.306742 -0.0847953
14.1 1.5 -0.409681 0.401201 -0.119506
14.7 1.5 -0.775813 0.721148 -0.370656
15.3 1.5 -1.11227 1.00563 -0.170644
15.9 1.5 -1.07969 0.895247 -0.176711
16.5 1.5 -0.68987 0.538846 -0.439572
17.1 1.5 -1.20491 0.877548 -0.454824
17.7 1.5 -0.410787 0.237263 -0.0803534
18.3 1.5 -0.456988 0.222652 0
18.9 1.5 -0.661607 0.265872 -0.64539
0.3 2.1 0.57119 0.249839 0
0.9 2.1 0.424435 0.252967 0
1.5 2.1 0.323992 0.256637 0
2.1 2.1 0.253672 0.261148 0
2.7 2.1 0.202593 0.266767 0
3.3 2.1 0.163331 0.27362 0
3.9 2.1 0.130763 0.281563 0
4.5 2.1 0.102486 0.292249 -0.0116442
5.1 2.1 0.0591761 0.300464 -0.00905394
5.7 2.1 0.0183456 0.318388 -0.0323003
6.3 2.1 -0.0105028 0.328705 -0.0352404
6.9 2.1 -0.0436863 0.34057 -0.0388092
7.5 2.1 -0.0767734 0.340699 -0.0282072
8.1 2.1 -0.109381 0.334925 -0.0249729
8.7 2.1 -0.137208 0.317545 -0.0220001
9.3 2.1 -0.168354 0.312315 -0.0213742
9.9 2.1 -0.192769 0.295301 -0.0134321
10.5 2.1 -0.215325 0.278887 -0.00668408
11.1 2.1 -0.236218 0.262475 -0.00665647
11.7 2.1 -0.254056 0.244551 -0.00554848
12.3 2.1 -0.272674 0.22905 -0.0553883
12.9 2.1 -0.249105 0.165474 -0.0456013
13.5 2.1 -0.334604 0.225347 -0.0207816
14.1 2.1 -0.426432 0.255797 -0.0911536
14.7 2.1 -0.409235 0.218234 -0.0884329
15.3 2.1 -1.31152 0.721596 -0.1319
15.9 2.1 -1.17961 0.620215 -0.197458
16.5 2.1 -0.612084 0.288404 -0.196422
17.1 2.1 -0.492069 0.207904 -0.282538
17.7 2.1 -0.449542 0.165447 -0.222936
18.3 2.1 -0.502519 0.158286 -0.135645
18.9 2.1 -0.603148 0.158052 -0.040841
0.3 2.7 0.579252 0.189421 0
0.9 2.7 0.433501 0.191103 0
1.5 2.7 0.334383 0.193478 0
2.1 2.7 0.265731 0.197085 0
2.7 2.7 0.216581 0.202498 0
3.3 2.7 0.179261 0.210137 0
3.9 2.7 0.149961 0.22196 -0.0163119
4.5 2.7 0.121865 0.234824 -0.0186395
5.1 2.7 0.0624727 0.255701 -0.0375476
5.7 2.7 0.0361226 0.27984 -0.0544855
6.3 2.7 0.000670234 0.284752 -0.0446119
6.9 2.7 -0.0366539 0.294056 -0.0435407
7.5 2.7 -0.0742084 0.292415 -0.0327707
8.1 2.7 -0.109342 0.281522 -0.0172868
8.7 2.7 -0.144605 0.275177 -0.0123518
9.3 2.7 -0.17689 0.263822 -0.0109589
9.9 2.7 -0.204402 0.247095 -0.00485753
10.5 2.7 -0.23128 0.231282 -0.00410821
11.1 2.7 -0.255304 0.213191 -0.00419852
11.7 2.7 -0.275754 0.192603 -0.0036237
12.3 2.7 -0.292919 0.171093 -0.00519319
12.9 2.7 -0.306193 0.149503 -0.00632394
13.5 2.7 -0.322825 0.132066 -0.0348924
14.1 2.7 -0.359775 0.113889 -0.0251137
14.7 2.7 -0.400506 0.107251 -0.0788393
15.3 2.7 -0.605747 0.160808 -0.103671
15.9 2.7 -0.684007 0.175809 -0.14719
16.5 2.7 -0.748226 0.190992 -0.202783
17.1 2.7 -0.535969 0.121576 -0.201597
17.7 2.7 -0.495456 0.105024 -0.142441
18.3 2.7 -0.482717 0.0877729 -0.125051
18.9 2.7 -0.617937 0.0997248 -0.243761
0.3 3.3 0.58618 0.139373 0
0.9 3.3 0.441462 0.138872 0
1.5 3.3 0.343888 0.139093 0
2.1 3.3 0.277426 0.140914 0
2.7 3.3 0.231111 0.145415 0
3.3 3.3 0.201592 0.15637 -0.0354321
3.9 3.3 0.172511 0.1687 -0.0408719
4.5 3.3 0.148039 0.187803 -0.050407
5.1 3.3 0.09132 0.224215 -0.0525022
5.7 3.3 0.0578112 0.245112 -0.0570316
6.3 3.3 0.0175148 0.264983 -0.0463556
6.9 3.3 -0.0272204 0.256064 -0.0315265
7.5 3.3 -0.0702528 0.26056 -0.021355
8.1 3.3 -0.111765 0.253546 -0.0112368
8.7 3.3 -0.149496 0.243029 -0.00935298
9.3 3.3 -0.184237 0.229553 -0.0104831
9.9 3.3 -0.216939 0.215028 -0.00216357
10.5 3.3 -0.248686 0.199279 -0.00191576
11.1 3.3 -0.277275 0.180015 0
11.7 3.3 -0.302843 0.157654 -0.00139919
12.3 3.3 -0.322334 0.131017 -9.69097e-006
12.9 3.3 -0.335828 0.102255 -0.00407733
13.5 3.3 -0.345217 0.0749773 -0.0126215
14.1 3.3 -0.358981 0.0500097 -0.0335734
14.7 3.3 -0.442615 0.0307261 -0.170618
15.3 3.3 -0.43924 0.016905 -0.121019
15.9 3.3 -0.649123 0.0312474 -0.16271
16.5 3.3 -0.761982 0.049391 -0.163523
17.1 3.3 -0.60676 0.0435053 -0.226799
17.7 3.3 -0.564833 0.0442809 -0.138481
18.3 3.3 -0.44967 0.0368383 -0.014775
18.9 3.3 0.0189572 -0.000261463 -0.358298
0.3 3.9 0.591193 0.0951775 0
0.9 3.9 0.447294 0.0915822 0
1.5 3.9 0.351237 0.0884743 0
2.1 3.9 0.287337 0.0871356 0
2.7 3.9 0.256277 0.0922054 -0.0603333
3.3 3.9 0.222308 0.0996651 -0.0597542
3.9 3.9 0.196869 0.114422 -0.0407847
4.5 3.9 0.17044 0.152167 -0.0635314
5.1 3.9 0.124236 0.186486 -0.0528722
5.7 3.9 0.0871031 0.217489 -0.0515642
6.3 3.9 0.0350079 0.228004 -0.0376335
6.9 3.9 -0.0160519 0.235811 -0.0332505
7.5 3.9 -0.0652247 0.236153 -0.0283764
8.1 3.9 -0.113001 0.234712 -0.0227466
8.7 3.9 -0.153806 0.22115 -0.00546277
9.3 3.9 -0.193768 0.20972 -0.00222755
9.9 3.9 -0.231907 0.196384 -0.00174962
10.5 3.9 -0.268349 0.180185 -0.000636023
11.1 3.9 -0.302492 0.159936 0
11.7 3.9 -0.333202 0.134558 0
12.3 3.9 -0.3586 0.103426 -0.0031378
12.9 3.9 -0.374031 0.0665186 0
13.5 3.9 -0.377642 0.0271849 -0.00124187
14.1 3.9 -0.402597 -0.00973576 -0.138067
14.7 3.9 -0.418043 -0.0463343 -0.0300585
15.3 3.9 -0.420046 -0.0639702 -0.0947432
15.9 3.9 -0.55594 -0.0795377 -0.122475
16.5 3.9 -0.747726 -0.0813679 -0.158083
17.1 3.9 -0.730413 -0.0492391 -0.173899
17.7 3.9 -0.449105 -0.020032 -0.135889
18.3 3.9 -0.475639 -0.00655829 -0.117471
18.9 3.9 -0.669556 0.0124004 -0.153157
0.3 4.5 0.593395 0.05424 0
0.9 4.5 0.449692 0.0465622 0
1.5 4.5 0.354603 0.0386656 0
2.1 4.5 0.293118 0.0321759 0
2.7 4.5 0.265359 0.0304008 -0.0247598
3.3 4.5 0.237195 0.0360236 -0.0345925
3.9 4.5 0.228661 0.0553843 -0.0645762
4.5 4.5 0.219159 0.105199 -0.0413618
5.1 4.5 0.171718 0.152165 -0.035025
5.7 4.5 0.116298 0.185691 -0.0498707
6.3 4.5 0.0602291 0.217424 -0.0235699
6.9 4.5 -0.00270908 0.221576 -0.0295883
7.5 4.5 -0.0593996 0.222694 -0.0208029
8.1 4.5 -0.110863 0.215727 -0.00388451
8.7 4.5 -0.159341 0.209111 -0.00413733
9.3 4.5 -0.204456 0.199049 -0.00326067
9.9 4.5 -0.247133 0.1863 -0.000493689
10.5 4.5 -0.288619 0.170666 -0.000634743
11.1 4.5 -0.328806 0.150448 0
11.7 4.5 -0.366794 0.123489 0
12.3 4.5 -0.399516 0.087353 0
12.9 4.5 -0.421578 0.0410402 -0.000473614
13.5 4.5 -0.431497 -0.0127082 -0.0276169
14.1 4.5 -0.429972 -0.0674149 -0.114716
14.7 4.5 -0.407826 -0.106304 -0.0186757
15.3 4.5 -0.409705 -0.13848 -0.0885685
15.9 4.5 -0.444106 -0.154558 -0.118029
16.5 4.5 -0.611723 -0.18049 -0.165008
17.1 4.5 -0.69596 -0.151289 -0.154799
17.7 4.5 -0.503795 -0.0760703 -0.222983
18.3 4.5 -0.380287 -0.0391847 -0.0988054
18.9 4.5 0.02294 -0.0248 -1.13784
0.3 5.1 0.591927 0.000917273 0
0.9 5.1 0.447241 -0.01168 0
1.5 5.1 0.351682 -0.0258614 0
2.1 5.1 0.291249 -0.0400216 0
2.7 5.1 0.265064 -0.0526559 -0.0395586
3.3 5.1 0.27502 -0.0594944 -0.189542
3.9 5.1 0.260024 -0.0333696 -0.0695768
4.5 5.1 0.32559 0.0251017 -0.0508539
5.1 5.1 0.257197 0.107968 -0.0346758
5.7 5.1 0.159585 0.156637 -0.0159166
6.3 5.1 0.0816507 0.189039 -0.0198075
6.9 5.1 0.0104339 0.206752 -0.0165827
7.5 5.1 -0.05625 0.20354 -0.00699469
8.1 5.1 -0.114107 0.19752 -0.00399378
8.7 5.1 -0.166429 0.189321 -0.00281659
9.3 5.1 -0.21506 0.179376 -0.00462876
9.9 5.1 -0.26116 0.167808 -0.000541731
10.5 5.1 -0.30719 0.154354 0
11.1 5.1 -0.353845 0.136639 0
11.7 5.1 -0.400751 0.11096 0
12.3 5.1 -0.444869 0.0721884 0
12.9 5.1 -0.478337 0.015354 -1.166e-005
13.5 5.1 -0.487628 -0.0589766 -6.89711e-007
14.1 5.1 -0.460236 -0.136602 -1.22401e-006
14.7 5.1 -0.427962 -0.196107 -0.0263195
15.3 5.1 -0.397901 -0.232504 -0.0484899
15.9 5.1 -0.422759 -0.25698 -0.090437
16.5 5.1 -0.507561 -0.274382 -0.162989
17.1 5.1 -0.56856 -0.237562 -0.145905
17.7 5.1 -1.44825 -0.38422 -0.111651
18.3 5.1 -1.26186 -0.186603 -0.124057
18.9 5.1 -0.489309 -0.0526646 -0.285813
0.3 5.7 0.586247 -0.030512 0
0.9 5.7 0.438827 -0.0483179 0
1.5 5.7 0.340204 -0.0696945 0
2.1 5.7 0.277314 -0.0938234 0
2.7 5.7 0.245541 -0.117975 -0.0278847
3.3 5.7 0.223816 -0.118664 -0.204161
3.9 5.7 0.235463 -0.0995208 -0.178392
4.5 5.7 0.0228907 0.0201348 -0.19615
5.1 5.7 0.0419558 0.0356706 -0.0156114
5.7 5.7 0.114164 0.106405 -0.0470029
6.3 5.7 0.156847 0.280726 -0.00473525
6.9 5.7 0.0140419 0.215012 -0.0117097
7.5 5.7 -0.058117 0.21056 -0.00621011
8.1 5.7 -0.120265 0.202263 -0.00409344
8.7 5.7 -0.174277 0.191636 0
9.3 5.7 -0.225066 0.182477 -0.00510248
9.9 5.7 -0.272741 0.173083 -0.00171496
10.5 5.7 -0.321655 0.163872 -3.51589e-005
11.1 5.7 -0.373601 0.152171 -3.7657e-005
11.7 5.7 -0.429651 0.133121 0
12.3 5.7 -0.488535 0.0983448 -1.33265e-005
12.9 5.7 -0.541956 0.0350866 -1.79164e-005
13.5 5.7 -0.56651 -0.0675506 -1.16081e-005
14.1 5.7 -0.528266 -0.193336 -0.00864728
14.7 5.7 -0.444227 -0.282469 -0.0216337
15.3 5.7 -0.373669 -0.320312 -0.0539048
15.9 5.7 -0.356636 -0.321159 -0.119321
16.5 5.7 -0.495592 -0.375821 -0.139803
17.1 5.7 -0.511254 -0.288337 -0.13313
17.7 5.7 -0.473086 -0.180937 -0.146139
18.3 5.7 -0.477797 -0.117425 -0.170373
18.9 5.7 -0.236433 -0.0335414 -0.140241
0.3 6.3 0.576467 -0.060271 0
0.9 6.3 0.424321 -0.0825718 0
1.5 6.3 0.319175 -0.110488 0
2.1 6.3 0.247827 -0.144744 0
2.7 6.3 0.220393 -0.19937 -0.0545993
3.3 6.3 0.163198 -0.186862 0.0294644
3.9 6.3 0.195696 -0.178987 -0.0412345
4.5 6.3 0.0268993 0.0121404 -0.0582186
5.1 6.3 0.0031021 0.021017 -0.0324659
5.7 6.3 0.0441107 0.0634164 -0.0035
6.3 6.3 0.0992284 0.233816 -0.0050865
6.9 6.3 0.00555269 0.234449 -0.00471654
7.5 6.3 -0.0694525 0.22049 0.00168391
8.1 6.3 -0.131152 0.206016 -0.00622947
8.7 6.3 -0.184976 0.193735 -0.00881193
9.3 6.3 -0.232617 0.183632 -0.00215699
9.9 6.3 -0.2798 0.17792 -7.97256e-005
10.5 6.3 -0.328898 0.175242 0
11.1 6.3 -0.382746 0.173508 -7.22766e-005
11.7 6.3 -0.444449 0.168485 -2.28347e-005
12.3 6.3 -0.516688 0.150882 0
12.9 6.3 -0.597859 0.0998778 0
13.5 6.3 -0.663064 -0.0260885 0
14.1 6.3 -0.617107 -0.247549 -0.00545243
14.7 6.3 -0.363647 -0.338203 -0.0114421
15.3 6.3 -0.30712 -0.427835 -0.0501149
15.9 6.3 -0.293392 -0.413929 -0.0835239
16.5 6.3 -0.319881 -0.353119 -0.121079
17.1 6.3 -0.397295 -0.293828 -0.104442
17.7 6.3 -0.367896 -0.174431 -0.118063
18.3 6.3 -0.456669 -0.130216 -0.149435
18.9 6.3 -0.262787 -0.0467735 -0.199034
0.3 6.9 0.563602 -0.0865184 0
0.9 6.9 0.405225 -0.111408 0
1.5 6.9 0.290564 -0.142912 0
2.1 6.9 0.174094 -0.155216 0.585193
2.7 6.9 0.119414 -0.204788 0.256674
3.3 6.9 0.0769177 -0.216753 -0.215867
3.9 6.9 0.0590419 -0.157764 -0.201027
4.5 6.9 0.0296813 -0.00550936 -0.0513992
5.1 6.9 0.0147084 0.0186704 -0.0271643
5.7 6.9 -0.00567367 0.0224434 -0.00595167
6.3 6.9 0.0601814 0.283955 0.00688063
6.9 6.9 -0.026632 0.253456 -0.00953411
7.5 6.9 -0.0930373 0.226828 -0.00542099
8.1 6.9 -0.147722 0.205178 -0.00880303
8.7 6.9 -0.195889 0.190571 -0.0128424
9.3 6.9 -0.238115 0.181124 0
9.9 6.9 -0.281722 0.180016 -0.00125734
10.5 6.9 -0.326658 0.184865 -0.000391618
11.1 6.9 -0.376591 0.195509 0
11.7 6.9 -0.434961 0.210352 -1.30172e-005
12.3 6.9 -0.506867 0.225076 -2.9041e-005
12.9 6.9 -0.60073 0.225832 0
13.5 6.9 -0.728049 0.156568 0
14.1 6.9 -0.636865 -0.198523 -0.303353
14.7 6.9 -0.000762847 -0.00620478 -0.0325194
15.3 6.9 -0.0235074 -0.0971906 -0.102117
15.9 6.9 -0.14596 -0.428726 -0.0656375
16.5 6.9 -0.191739 -0.314663 -0.0980187
17.1 6.9 -0.239429 -0.225426 -0.0365335
17.7 6.9 -0.316486 -0.169879 -0.124526
18.3 6.9 0.0179271 0.00483862 -0.128043
18.9 6.9 -0.402081 -0.0715064 -0.166435
0.3 7.5 0.549457 -0.108035 0
0.9 7.5 0.483603 -0.164058 0.51
1.5 7.5 0.259901 -0.163339 0
2.1 7.5 0.1598 -0.199543 1.05627
2.7 7.5 0.10388 -0.395687 1.25549
3.3 7.5 -0.00362595 -0.0833621 1.19196
3.9 7.5 -0.294194 -0.551547 0.828001
4.5 7.5 -0.137773 -0.0526534 0.529355
5.1 7.5 0.0132005 0.478367 -0.111681
5.7 7.5 0.00610225 0.157008 0.00214027
6.3 7.5 -0.0251911 0.243451 -0.0043578
6.9 7.5 -0.0784116 0.253329 0.00303972
7.5 7.5 -0.125993 0.220382 -0.00936037
8.1 7.5 -0.16858 0.195675 -0.0109268
8.7 7.5 -0.20743 0.18074 -0.0196216
9.3 7.5 -0.240929 0.172693 -0.00205169
9.9 7.5 -0.277279 0.175907 -0.00190638
10.5 7.5 -0.314563 0.188022 -0.000514051
11.1 7.5 -0.354413 0.209984 0
11.7 7.5 -0.397994 0.243331 0
12.3 7.5 -0.445748 0.29084 0
12.9 7.5 -0.495206 0.358213 0
13.5 7.5 -0.527338 0.461983 0
14.1 7.5 0.00730048 -0.00766987 -1.09262
14.7 7.5 0.233677 -0.21533 -0.0764257
15.3 7.5 0.02823 -0.0741032 -0.448845
15.9 7.5 0.00135396 -0.162497 -0.0130276
16.5 7.5 -0.0787413 -0.211063 -0.00979766
17.1 7.5 -0.158144 -0.170925 0
17.7 7.5 -0.314107 -0.176146 -0.121331
18.3 7.5 -0.371504 -0.120281 -0.134812
18.9 7.5 0.03038 -0.00247999 -1.14979
0.3 8.1 0.471189 -0.11219 0.164357
0.9 8.1 0.95214 -0.34399 0.50719
1.5 8.1 1.20334 -0.788448 0.504194
2.1 8.1 0.785964 -1.22299 1.19123
2.7 8.1 0.0176136 -0.142302 0.627904
3.3 8.1 -0.114478 -0.25342 0.722202
3.9 8.1 0.00335252 -0.0252361 0.680154
4.5 8.1 0.0176687 -0.0248025 -0.392523
5.1 8.1 -0.0360754 0.0406651 -0.210041
5.7 8.1 -0.097161 0.196552 0.0676142
6.3 8.1 -0.11481 0.255391 0.0528309
6.9 8.1 -0.131028 0.220559 0.0308779
7.5 8.1 -0.160489 0.194271 0.00130583
8.1 8.1 -0.18916 0.174539 -0.023614
8.7 8.1 -0.217689 0.162312 -0.0272945
9.3 8.1 -0.241241 0.157233 -0.00454399
9.9 8.1 -0.269999 0.164891 -0.0198298
10.5 8.1 -0.295026 0.180875 0
11.1 8.1 -0.321175 0.209611 0
11.7 8.1 -0.343743 0.252128 0
12.3 8.1 -0.355774 0.311916 0
12.9 8.1 -0.27738 0.330556 -0.050421
13.5 8.1 -0.117576 0.268486 -0.07524
14.1 8.1 0.0483072 0.311379 -0.0536895
14.7 8.1 0.209531 0.102383 -0.101267
15.3 8.1 0.138235 -0.0806053 -0.169529
15.9 8.1 0.0522898 -0.145244 0
16.5 8.1 -0.0445577 -0.149513 0
17.1 8.1 -0.134669 -0.137306 0
17.7 8.1 -0.228007 -0.120524 0
18.3 8.1 -0.336562 -0.103571 0
18.9 8.1 -0.0213949 0.0182259 -0.980227
0.3 8.7 0.489382 -0.129253 0.147921
0.9 8.7 0.247699 -0.115829 0.3256
1.5 8.7 0.052914 -0.0564573 0.730976
2.1 8.7 0.0228978 -0.0493205 0.830982
2.7 8.7 0.00511452 -0.0395984 0.611037
3.3 8.7 0.00324022 -0.0186805 0.541932
3.9 8.7 0.0202442 -0.0256873 0.242599
4.5 8.7 -0.0179753 -0.00706542 -0.182445
5.1 8.7 -0.0688065 0.0290517 -0.00041142
5.7 8.7 -0.19525 0.185463 0.129006
6.3 8.7 -0.173888 0.188466 0.0606513
6.9 8.7 -0.171236 0.172029 0.00812102
7.5 8.7 -0.180368 0.15178 0.00948657
8.1 8.7 -0.205144 0.141348 -0.00833649
8.7 8.7 -0.227415 0.136335 -0.0328172
9.3 8.7 -0.239701 0.134312 -0.0170038
9.9 8.7 -0.255879 0.143162 -0.00209912
10.5 8.7 -0.272063 0.162272 0
11.1 8.7 -0.285007 0.192221 0
11.7 8.7 -0.289177 0.233416 0
12.3 8.7 -0.275493 0.2853 0
12.9 8.7 -0.226854 0.340923 0
13.5 8.7 -0.0944818 0.307702 -0.050421
14.1 8.7 0.0369496 0.327241 -0.0194481
14.7 8.7 0.122453 0.169574 0
15.3 8.7 0.101977 0.0157111 0
15.9 8.7 0.0289768 -0.0556524 -0.16958
16.5 8.7 -0.0461838 -0.0944764 -2.80367e-005
17.1 8.7 -0.131248 -0.102674 0
17.7 8.7 -0.223386 -0.0996072 0
18.3 8.7 -0.332088 -0.0917732 0
18.9 8.7 -0.471867 -0.0823714 0
0.3 9.3 0.465753 -0.132457 0.230914
0.9 9.3 0.290333 -0.138817 0.26693
1.5 9.3 0.0695563 -0.0714802 0.703901
2.1 9.3 0.0262603 -0.0590509 0.741946
2.7 9.3 0.000602931 -0.0502342 0.361068
3.3 9.3 -0.0256853 -0.0625492 0.137475
3.9 9.3 -0.0772472 -0.0521515 -0.0995504
4.5 9.3 -0.190129 -0.00728453 0.357608
5.1 9.3 -0.218978 0.0640297 0.205659
5.7 9.3 -0.204363 0.100084 0.160985
6.3 9.3 -0.189469 0.112835 0.0913535
6.9 9.3 -0.188673 0.111785 0.0209686
7.5 9.3 -0.192913 0.104568 0.00915622
8.1 9.3 -0.205205 0.0991716 -0.000387233
8.7 9.3 -0.230399 0.102163 -0.031793
9.3 9.3 -0.232691 0.103511 -0.0255159
9.9 9.3 -0.242709 0.115754 -0.0184933
10.5 9.3 -0.249444 0.134189 -0.00437805
11.1 9.3 -0.252586 0.161125 -4.15322e-005
11.7 9.3 -0.245586 0.195255 0
12.3 9.3 -0.221682 0.232821 0
12.9 9.3 -0.172669 0.264429 0
13.5 9.3 -0.0953956 0.271165 0
14.1 9.3 -0.00682572 0.231302 0
14.7 9.3 0.0363089 0.147931 0
15.3 9.3 0.0300736 0.0459309 0
15.9 9.3 -0.00869996 -0.0194582 0
16.5 9.3 -0.069786 -0.057693 0
17.1 9.3 -0.143238 -0.0759005 0
17.7 9.3 -0.229126 -0.0818674 0
18.3 9.3 -0.271073 -0.0684422 -3.77678e-009
18.9 9.3 0.02914 -0.0248 -1
0.3 9.9 0.259422 -0.094126 -0.148307
0.9 9.9 0.246759 -0.140632 0.458614
1.5 9.9 0.0807342 -0.0879285 0.478963
2.1 9.9 0.0281535 -0.0682625 0.426392
2.7 9.9 0.00766057 -0.0553368 0.334203
3.3 9.9 -0.0415919 -0.0967392 0.392604
3.9 9.9 -0.0779035 -0.0890507 0.60564
4.5 9.9 -0.133169 -0.051472 0.289438
5.1 9.9 -0.173115 -0.0152925 0.310572
5.7 9.9 -0.183188 0.0131922 0.154194
6.3 9.9 -0.189586 0.0294568 0.0548673
6.9 9.9 -0.189953 0.0352687 0.0329189
7.5 9.9 -0.193713 0.0355434 0.0196486
8.1 9.9 -0.206465 0.0365173 -0.0181636
8.7 9.9 -0.226404 0.0410759 -0.0464432
9.3 9.9 -0.229423 0.0485943 -0.0602538
9.9 9.9 -0.226147 0.0603963 -0.00247737
10.5 9.9 -0.229571 0.0785658 -0.00563224
11.1 9.9 -0.22682 0.101403 -0.0001057
11.7 9.9 -0.215342 0.127535 -4.03348e-005
12.3 9.9 -0.191073 0.152853 0
12.9 9.9 -0.151494 0.169984 0
13.5 9.9 -0.0990832 0.16864 0
14.1 9.9 -0.0453558 0.140969 0
14.7 9.9 -0.0255205 0.0904526 0
15.3 9.9 -0.0304015 0.0211403 0
15.9 9.9 -0.0554135 -0.0266743 0
16.5 9.9 -0.101478 -0.0603717 0
17.1 9.9 -0.163416 -0.0805714 0
17.7 9.9 -0.241546 -0.0906714 0
18.3 9.9 -0.28208 -0.0822644 -2.64374e-009
18.9 9.9 -0.476904 -0.0935484 0
0.3 10.5 0.0109702 -0.00397834 -0.19087
0.9 10.5 0.0991895 -0.0671495 0.0357068
1.5 10.5 0.0953599 -0.10357 0.377016
2.1 10.5 0.0268885 -0.071587 0.484735
2.7 10.5 0.0105257 -0.0999762 0.374485
3.3 10.5 -0.0311299 -0.122207 0.343004
3.9 10.5 -0.0649578 -0.109583 0.301116
4.5 10.5 -0.115889 -0.0963637 0.316443
5.1 10.5 -0.149771 -0.0689708 0.187961
5.7 10.5 -0.159175 -0.045928 0.158587
6.3 10.5 -0.175151 -0.0340261 0.0679877
6.9 10.5 -0.179631 -0.0255823 0.0379504
7.5 10.5 -0.179855 -0.0181881 0.0462988
8.1 10.5 -0.203586 -0.0169991 -0.0346377
8.7 10.5 -0.223291 -0.0118125 -0.0373386
9.3 10.5 -0.218104 0.000174126 -0.0591736
9.9 10.5 -0.215684 0.0138101 -0.0359908
10.5 10.5 -0.212329 0.0300981 -0.000427908
11.1 10.5 -0.207653 0.0488665 0
11.7 10.5 -0.195926 0.0684034 -1.22146e-005
12.3 10.5 -0.175442 0.0854127 -3.16675e-005
12.9 10.5 -0.146126 0.0950464 0
13.5 10.5 -0.111058 0.0919977 0
14.1 10.5 -0.0772107 0.0733103 0
14.7 10.5 -0.0782377 0.027679 0
15.3 10.5 -0.0773934 -0.0073847 0
15.9 10.5 -0.0962794 -0.0406274 0
16.5 10.5 -0.132938 -0.0669468 0
17.1 10.5 -0.185935 -0.0850127 0
17.7 10.5 -0.256968 -0.0958029 0
18.3 10.5 -0.352225 -0.101091 0
18.9 10.5 -0.483536 -0.102604 0
0.3 11.1 0.517333 -0.225984 0.0367005
0.9 11.1 0.280831 -0.186572 0.0521823
1.5 11.1 0.13104 -0.144506 0.00451161
2.1 11.1 0.0582959 -0.124048 0.254876
2.7 11.1 0.0118117 -0.104975 0.254873
3.3 11.1 -0.0151377 -0.145965 0.314836
3.9 11.1 -0.0468555 -0.143067 0.323651
4.5 11.1 -0.0849191 -0.122134 0.17852
5.1 11.1 -0.124908 -0.112429 0.130101
5.7 11.1 -0.142404 -0.102149 0.119266
6.3 11.1 -0.155237 -0.0901589 0.0807584
6.9 11.1 -0.16681 -0.0827089 0.0674178
7.5 11.1 -0.171962 -0.0734939 0.0390054
8.1 11.1 -0.191417 -0.0730698 0.0134859
8.7 11.1 -0.212902 -0.0728672 -0.0205352
9.3 11.1 -0.201423 -0.0510999 -0.0960629
9.9 11.1 -0.199394 -0.0380242 -0.00217067
10.5 11.1 -0.201775 -0.0244026 -0.0358423
11.1 11.1 -0.1937 -0.00831197 0
11.7 11.1 -0.183806 0.00649121 0
12.3 11.1 -0.168156 0.0184216 0
12.9 11.1 -0.14745 0.0245009 0
13.5 11.1 -0.124174 0.0219854 0
14.1 11.1 -0.102514 0.00973331 0
14.7 11.1 -0.11098 -0.0238258 0
15.3 11.1 -0.113034 -0.0460341 0
15.9 11.1 -0.129403 -0.0684776 0
16.5 11.1 -0.160546 -0.0877174 0
17.1 11.1 -0.207322 -0.102185 -0.000218041
17.7 11.1 -0.295934 -0.121704 -0.218143
18.3 11.1 -0.363372 -0.11726 0
18.9 11.1 -0.491199 -0.119609 0
0.3 11.7 0.507061 -0.24857 0
0.9 11.7 0.325696 -0.242661 0.120712
1.5 11.7 0.140007 -0.171694 0.34445
2.1 11.7 0.0651333 -0.145423 0.315596
2.7 11.7 0.0299298 -0.155986 0.301128
3.3 11.7 -0.00492871 -0.144865 0.348822
3.9 11.7 -0.0305652 -0.152805 0.297483
4.5 11.7 -0.0573577 -0.152983 0.250966
5.1 11.7 -0.0977458 -0.147555 0.237444
5.7 11.7 -0.114293 -0.13994 0.172999
6.3 11.7 -0.132201 -0.137652 0.124033
6.9 11.7 -0.146273 -0.134997 0.104203
7.5 11.7 -0.158399 -0.130035 0.0501573
8.1 11.7 -0.178815 -0.133161 0.027269
8.7 11.7 -0.201206 -0.136162 -0.0236735
9.3 11.7 -0.187731 -0.11027 -0.0350295
9.9 11.7 -0.188729 -0.0972481 -0.0253407
10.5 11.7 -0.191156 -0.0859656 -0.0196194
11.1 11.7 -1.3544 -0.640124 -0.128959
11.7 11.7 -0.299708 -0.11496 -0.71891
12.3 11.7 -0.165004 -0.0502535 0
12.9 11.7 -0.150992 -0.0456813 0
13.5 11.7 -0.135823 -0.0469845 0
14.1 11.7 -0.122055 -0.0546002 0
14.7 11.7 -0.135136 -0.0799018 0
15.3 11.7 -0.139712 -0.0936448 0
15.9 11.7 -0.155235 -0.108326 0
16.5 11.7 -0.183249 -0.121691 0
17.1 11.7 -0.225877 -0.132408 0
17.7 11.7 -0.287094 -0.140043 0
18.3 11.7 -0.395148 -0.153515 -0.00479266
18.9 11.7 -0.498891 -0.147121 0
0.3 12.3 0.506591 -0.292445 0
0.9 12.3 0.338024 -0.292218 0.0279062
1.5 12.3 0.202999 -0.270571 0.10031
2.1 12.3 0.11576 -0.25225 0.220413
2.7 12.3 0.0361725 -0.186357 0.302501
3.3 12.3 0.00489691 -0.17912 0.269347
3.9 12.3 -0.0210573 -0.183564 0.214411
4.5 12.3 -0.0444849 -0.199562 0.245617
5.1 12.3 -0.0780149 -0.184564 0.21878
5.7 12.3 -0.100091 -0.197866 0.129807
6.3 12.3 -0.11552 -0.197554 0.126527
6.9 12.3 -0.129917 -0.192614 0.0867654
7.5 12.3 -0.145356 -0.192097 0.0617838
8.1 12.3 -0.195226 -0.246574 -0.0396683
8.7 12.3 -0.220641 -0.255988 -0.129037
9.3 12.3 -0.175655 -0.17827 -0.0266752
9.9 12.3 -0.176216 -0.164228 0
10.5 12.3 -0.177061 -0.153073 0
11.1 12.3 -1.05686 -0.939251 -1.81205e-020
11.7 12.3 -0.170686 -0.132634 0
12.3 12.3 -0.313181 -0.253421 -0.798789
12.9 12.3 -0.154645 -0.121167 0
13.5 12.3 -0.145164 -0.12117 0
14.1 12.3 -0.141125 -0.139467 0
14.7 12.3 -0.152767 -0.144737 0
15.3 12.3 -0.159411 -0.152764 0
15.9 12.3 -0.174855 -0.1619 0
16.5 12.3 -0.20115 -0.170668 0
17.1 12.3 -0.24113 -0.178053 0
17.7 12.3 -0.299404 -0.183566 0
18.3 12.3 -0.383587 -0.18714 0
18.9 12.3 -0.377977 -0.136078 -0.00552074
0.3 12.9 0.50603 -0.355119 0
0.9 12.9 -0.0127992 -0.000640823 -0.999999
1.5 12.9 0.173559 -0.281617 0.0562303
2.1 12.9 0.137206 -0.340312 0.0850403
2.7 12.9 0.0761606 -0.336261 0.0985762
3.3 12.9 0.0225187 -0.28973 0.107366
3.9 12.9 -0.0104705 -0.263431 0.198957
4.5 12.9 -0.0347013 -0.255892 0.177946
5.1 12.9 -0.0659646 -0.261922 0.171137
5.7 12.9 -0.0875654 -0.262666 0.133609
6.3 12.9 0.00211237 0.0117574 0.11006
6.9 12.9 -0.121682 -0.277665 0.0972434
7.5 12.9 -0.138448 -0.283759 0.056011
8.1 12.9 -0.0107171 0.0212186 -0.0440759
8.7 12.9 -0.121576 -0.221311 -0.0801179
9.3 12.9 -0.138129 -0.217095 -0.0197215
9.9 12.9 -0.168159 -0.251308 -0.0228002
10.5 12.9 -0.16992 -0.240623 -0.0289362
11.1 12.9 0.00372 0.031 -1.15921
11.7 12.9 -0.132972 -0.17656 -7.74259e-020
12.3 12.9 -0.00812969 -6.08365e-005 -1.8737
12.9 12.9 -0.15749 -0.209679 0
13.5 12.9 -0.120766 -0.163123 -3.12442e-100
14.1 12.9 -0.150727 -0.223097 0
14.7 12.9 -0.165376 -0.225088 0
15.3 12.9 -0.173684 -0.229185 0
15.9 12.9 -0.189393 -0.234355 0
16.5 12.9 -0.214792 -0.239621 0
17.1 12.9 -0.253116 -0.244242 0
17.7 12.9 -0.309374 -0.247783 0
18.3 12.9 -0.391498 -0.250081 0
18.9 12.9 0.0165618 0.0300633 -0.240084
0.3 13.5 0.505208 -0.446341 0
0.9 13.5 0.347766 -0.451248 0
1.5 13.5 0.235923 -0.454826 0
2.1 13.5 0.154057 -0.456801 0
2.7 13.5 0.09113 -0.452796 0.00751271
3.3 13.5 0.0411689 -0.437804 0.0649808
3.9 13.5 0.00395063 -0.434957 0.0441566
4.5 13.5 -0.0262632 -0.401428 0.0937585
5.1 13.5 -0.0530466 -0.293046 0.0974141
5.7 13.5 -0.0572577 -0.246873 0.0458244
6.3 13.5 -0.0700616 -0.249688 0.0206286
6.9 13.5 -0.080307 -0.26046 -0.0290556
7.5 13.5 -0.0192334 -0.0206345 -0.0544147
8.1 13.5 -0.01178 0.03224 -1.04897
8.7 13.5 -0.00336612 0.00741293 -0.0529338
9.3 13.5 -0.0752897 -0.187444 -0.0814753
9.9 13.5 -0.162608 -0.370365 -0.0645373
10.5 13.5 -0.165243 -0.358501 -0.077703
11.1 13.5 -0.147839 -0.306327 -0.176899
11.7 13.5 -0.0173753 -0.0153197 -1.14275
12.3 13.5 0.02046 0.02418 -1
12.9 13.5 -0.159206 -0.322086 0
13.5 13.5 0.00682001 0.031 -1
14.1 13.5 -0.15723 -0.331444 0
14.7 13.5 -0.174095 -0.331181 0
15.3 13.5 -0.183738 -0.332545 0
15.9 13.5 -0.199849 -0.334871 0
16.5 13.5 -0.224833 -0.337507 0
17.1 13.5 -0.0155 0.00992002 -1
17.7 13.5 -0.204727 -0.219941 -5.14627e-102
18.3 13.5 -0.269227 -0.229956 -2.52167e-102
18.9 13.5 -0.416399 -0.272226 -0.050421
