0 4
1 9
2 7
3 10
4 6
5 10
6 6
7 10
8 7
9 10
10 7
11 9
12 7
13 10
14 7
15 10
16 7
17 9
18 7
19 10
20 7
21 10
22 7
23 10
24 7
25 10
26 7
27 10
28 7
29 10
30 6
31 10
32 7
33 10
34 7
35 10
36 7
37 9
38 7
39 10
40 7
41 10
42 7
43 10
44 7
45 9
46 7
47 10
48 7
49 10
50 7
51 10
52 7
53 9
54 7
55 10
56 7
57 10
58 7
59 10
60 7
61 10
62 7
63 10
64 7
65 9
66 7
67 10
68 7
69 10
70 7
71 9
72 8
73 9
74 7
75 10
76 7
77 10
78 7
79 10
80 7
81 10
82 6
83 10
84 7
85 10
86 6
87 10
88 7
89 9
90 7
91 10
92 7
93 9
94 7
95 10
96 7
97 10
98 6
99 10
100 7
101 10
102 6
103 10
104 7
105 9
106 7
107 10
108 7
109 10
110 7
111 10
112 7
113 9
114 7
115 10
116 7
117 10
118 7
119 10
120 7
121 9
122 7
123 10
124 7
125 10
126 7
127 10
128 7
129 9
130 7
131 10
132 7
133 10
134 7
135 10
136 7
137 9
138 7
139 9
140 7
141 10
142 7
143 10
144 7
145 10
146 7
147 9
148 7
149 10
150 7
151 10
152 7
153 9
154 7
155 10
156 7
157 10
158 7
159 10
160 7
161 10
162 7
163 9
164 7
165 10
166 7
167 10
168 7
169 10
170 7
171 9
172 7
173 10
174 7
175 10
176 7
177 10
178 7
179 9
180 7
181 10
182 7
183 10
184 7
185 10
186 7
187 10
188 7
189 9
190 8
191 9
192 7
193 10
194 7
195 9
196 8
197 9
198 7
199 10
200 7
201 10
202 7
203 10
204 7
205 9
206 8
207 9
208 7
209 10
210 7
211 10
212 7
213 10
214 7
215 10
216 7
217 10
218 7
219 10
220 6
221 10
222 7
223 10
224 7
225 10
226 7
227 9
228 7
229 10
230 7
231 12
232 17
233 9
234 5
0 4
1 9
2 12
0 4
1 10
0 4
1 10
0 4
1 12
2 7
0 4
1 12
2 6
0 5
0 4
1 12
2 6
0 8
0 4
1 13
2 6
0 5
1 12
2 6
0 5
0 7
0 26
0 4
0 5
0 4
0 5
0 7
1 12
2 11
3 11
0 8
1 13
2 8
3 11
4 9
5 11
0 7
0 7
0 10
0 9
1 10
2 7
3 12
4 7
0 6
1 11
0 5
1 18
0 6
0 6
1 22
2 8
0 5
0 5
1 9
2 11
3 14
0 5
1 14
0 5
1 16
0 6
0 6
1 14
2 11
3 12
4 12
5 15
6 10
7 14
8 10
0 6
0 6
0 5
0 6
0 6
0 5
1 25
0 5
0 6
0 6
1 18
0 6
0 6
1 15
2 13
0 6
1 14
2 10
0 6
1 16
0 6
0 6
0 12
1 50
0 7
1 14
2 10
0 7
0 8
0 7
1 15
2 17
3 10
4 7
5 10
6 9
7 11
8 8
9 10
0 9
0 9
1 13
2 11
0 33
0 47
0 44
0 33
0 9
0 32
0 8
1 14
0 8
1 13
2 7
3 14
0 7
1 13
2 10
0 7
1 10
0 7
1 16
0 8
1 17
2 13
3 13
0 8
1 10
2 9
3 10
4 7
5 13
6 9
7 13
8 13
9 12
10 7
11 8
12 8
13 12
0 8
1 20
2 11
3 11
4 6
0 9
1 13
2 15
0 8
1 12
2 8
3 11
4 8
0 8
1 12
2 7
3 12
4 7
5 14
0 7
1 12
0 11
1 12
0 23
1 13
2 10
3 16
0 7
1 8
0 9
0 14
0 7
1 16
0 7
1 12
2 7
3 12
0 5
1 20
2 11
0 5
1 12
2 8
3 11
4 8
5 11
6 10
7 11
8 7
0 7
1 10
2 9
3 12
0 5
1 18
2 10
3 11
4 17
0 6
0 6
0 6
1 11
2 7
3 10
0 6
1 11
2 7
3 11
4 8
5 11
6 9
7 10
8 8
9 13
10 8
11 12
12 7
13 10
14 8
0 6
1 14
2 7
3 13
4 12
5 13
6 9
7 11
8 9
0 6
1 10
2 7
3 10
0 6
1 11
2 8
0 6
1 12
2 8
3 13
0 6
1 18
2 9
3 12
0 6
0 6
0 6
1 13
2 8
3 14
4 7
5 6
0 6
1 17
2 7
3 14
4 7
0 5
1 12
2 9
3 13
4 8
0 6
1 16
2 7
3 13
4 8
5 12
0 5
1 18
2 9
0 7
1 12
2 8
3 12
0 8
1 14
2 13
3 11
4 11
5 11
6 5
7 14
8 5
9 13
10 6
11 9
12 12
13 14
14 9
0 6
0 6
0 5
1 13
2 9
3 12
4 8
5 12
0 6
0 5
1 18
2 10
0 5
1 12
2 8
3 13
0 5
1 13
2 10
3 14
4 8
0 6
0 6
0 6
0 6
0 6
0 5
0 6
1 13
2 9
3 13
4 8
0 7
1 18
2 9
0 6
1 10
2 7
3 11
4 7
5 11
6 7
0 5
1 10
2 7
0 5
1 11
2 7
3 11
4 7
0 5
1 10
2 7
3 10
4 8
5 10
6 7
0 5
1 11
2 7
3 10
4 8
0 5
1 11
2 7
0 26
0 6
1 10
2 12
0 5
1 13
2 8
3 12
4 8
0 6
1 10
0 6
1 10
2 6
0 6
1 10
0 6
1 10
2 7
0 5
1 11
0 6
1 10
2 9
0 5
1 11
2 8
3 11
4 10
5 11
6 8
0 5
1 10
2 7
3 10
4 8
0 5
1 10
2 7
0 5
1 9
2 7
3 8
0 6
0 5
1 10
2 8
3 13
4 9
0 5
1 10
0 6
1 9
2 7
3 12
4 8
5 11
6 8
0 5
1 9
2 7
0 5
1 14
0 5
1 9
0 5
1 10
2 7
3 12
4 5
5 9
6 13
0 5
1 10
0 5
1 10
2 7
3 11
4 8
5 9
6 7
7 10
8 9
9 12
10 8
0 5
1 10
2 7
3 11
4 7
5 12
6 6
7 12
8 4
9 10
10 6
0 5
1 10
0 5
1 10
2 7
3 13
4 8
0 5
1 9
2 7
3 11
4 7
5 10
6 7
0 5
1 9
2 8
3 12
4 8
5 13
6 7
7 8
8 12
9 9
0 5
1 10
2 7
3 11
4 7
5 14
6 8
0 5
1 9
2 7
3 10
4 8
5 12
6 7
7 11
8 7
9 14
10 7
0 5
1 9
2 8
0 5
1 9
2 8
3 10
4 15
0 5
1 9
0 5
1 9
2 7
3 10
4 8
0 5
1 9
2 7
3 11
4 6
5 12
6 7
7 13
8 7
0 5
1 10
2 7
3 9
4 7
5 11
0 6
1 9
0 6
1 10
0 6
1 10
0 6
1 9
0 6
1 10
0 5
1 10
0 5
1 10
2 4
0 5
1 10
0 5
1 10
2 7
3 11
4 7
5 10
6 6
0 5
1 10
2 7
0 5
1 9
0 5
1 10
0 6
1 10
0 6
1 9
0 5
1 10
0 5
1 10
2 7
3 11
0 5
1 9
0 5
0 5
1 11
2 7
3 12
4 7
5 10
6 6
7 11
8 8
9 11
10 7
11 13
12 7
13 10
14 8
15 12
16 8
17 10
18 8
19 11
20 7
21 22
0 5
1 14
2 8
3 12
4 7
0 6
1 11
2 8
3 12
4 9
5 10
6 9
7 12
8 7
9 12
10 8
11 11
12 7
13 11
14 9
15 12
16 7
17 10
18 7
0 6
1 11
2 7
3 13
4 10
5 11
6 9
7 11
8 8
9 13
10 9
0 6
1 14
2 7
3 11
4 13
0 5
0 5
1 13
0 5
1 14
2 9
3 12
4 9
5 19
6 6
7 8
0 6
1 12
2 8
0 6
0 6
1 11
2 10
3 12
4 8
5 11
6 16
0 6
1 12
2 9
3 13
4 8
0 5
1 18
2 8
0 5
0 6
1 12
2 8
3 8
0 5
1 12
2 7
3 10
0 6
1 11
2 7
3 12
4 7
5 13
6 8
0 5
0 6
1 11
0 7
1 15
2 7
3 13
4 9
0 5
1 16
2 7
0 6
0 5
0 6
0 6
1 11
2 7
3 11
0 6
1 18
0 5
1 15
2 8
3 14
4 8
0 6
0 6
1 13
2 10
3 15
4 8
5 15
6 8
7 13
8 9
0 6
1 15
2 7
3 13
4 8
0 6
1 16
0 6
0 6
0 6
0 5
0 6
0 6
0 6
1 14
0 6
1 11
2 7
3 10
4 8
0 7
1 11
2 9
3 12
4 8
5 11
6 8
7 13
8 8
9 11
10 8
11 11
0 6
1 13
2 8
3 12
4 8
5 11
6 10
7 12
8 6
9 14
10 8
11 13
12 10
13 14
14 8
15 10
16 9
0 6
1 14
0 7
1 12
2 8
3 13
4 9
0 5
1 13
2 9
3 15
4 8
5 11
0 6
1 11
2 10
0 6
1 11
0 6
1 12
0 7
1 14
2 8
3 13
4 8
0 7
0 6
1 18
2 20
3 10
4 8
5 12
0 5
1 12
2 8
0 5
1 14
2 9
3 6
4 7
0 6
1 13
2 8
3 12
4 9
5 10
6 8
7 13
8 9
0 6
0 6
1 18
2 7
0 6
0 5
1 14
2 8
3 13
4 8
5 16
6 8
0 6
0 6
1 17
2 8
0 7
0 6
1 20
2 10
3 11
0 7
0 6
0 6
0 6
1 13
2 7
3 14
4 9
0 6
0 6
0 5
0 6
0 6
0 6
0 6
0 6
1 13
2 7
3 14
4 10
5 12
0 7
0 6
1 17
0 7
0 6
1 18
0 5
0 6
0 6
0 5
0 7
1 12
0 6
1 21
2 14
0 5
1 17
2 7
3 12
0 16
1 15
2 10
3 12
4 8
5 12
6 8
0 6
1 12
2 8
0 6
0 6
1 17
0 6
0 6
1 14
2 7
3 13
0 6
1 20
2 8
0 6
0 7
0 6
1 14
2 8
3 14
4 8
0 5
1 13
2 9
3 14
4 8
0 6
0 6
1 19
2 6
0 6
1 16
2 7
3 12
4 10
0 6
0 5
1 16
2 6
3 15
4 8
5 25
0 8
0 6
0 6
0 6
0 5
0 6
1 13
0 6
0 6
0 6
1 15
0 6
1 16
2 6
3 13
4 9
5 12
6 9
7 15
0 7
0 5
1 13
2 8
3 13
4 8
5 11
6 10
0 5
1 15
2 6
3 14
4 8
0 7
1 12
0 7
1 10
2 8
3 12
4 4
0 6
1 14
2 7
0 6
1 17
0 6
1 17
2 7
0 6
0 6
0 6
1 14
2 8
3 11
0 6
1 9
0 6
1 17
0 6
1 16
2 8
3 13
4 8
0 9
0 6
0 6
0 6
0 6
0 6
0 6
0 7
0 15
0 5
1 14
2 7
3 14
4 8
0 5
0 6
